# TMM+ASM Intensity at z=40, theta=35.0 deg
# Wavelength: 520 nm, CG: 550um n=1.52
# AR: SiO2(34.6)/TiO2(25.9)/SiO2(20.7)/TiO2(169.5) nm
# Columns: x_um	intensity
# N_points: 4096
0.0000	0.57183969
0.1231	0.56991696
0.2462	0.57596874
0.3692	0.57734096
0.4923	0.58526778
0.6154	0.58629656
0.7385	0.58397222
0.8615	0.58177960
0.9846	0.57306004
1.1077	0.57071245
1.2308	0.57258797
1.3538	0.57778490
1.4769	0.58490539
1.6000	0.58637285
1.7231	0.57970107
1.8462	0.57845157
1.9692	0.57413572
2.0923	0.57797515
2.2154	0.58053803
2.3385	0.57785064
2.4615	0.57941735
2.5846	0.57740796
2.7077	0.57757103
2.8308	0.57964408
2.9538	0.57756513
3.0769	0.58071226
3.2000	0.58270550
3.3231	0.58148485
3.4462	0.57955718
3.5692	0.57498229
3.6923	0.57077098
3.8154	0.57665765
3.9385	0.57673037
4.0615	0.58511400
4.1846	0.58628350
4.3077	0.58456898
4.4308	0.58123100
4.5538	0.57217252
4.6769	0.56832731
4.8000	0.57168210
4.9231	0.57855994
5.0462	0.58611935
5.1692	0.58932734
5.2923	0.58142149
5.4154	0.58094990
5.5385	0.57343554
5.6615	0.57368386
5.7846	0.57340950
5.9077	0.57383609
6.0308	0.58125448
6.1538	0.58629084
6.2769	0.58610278
6.4000	0.58239132
6.5231	0.57410562
6.6462	0.57129633
6.7692	0.57652360
6.8923	0.57789940
7.0154	0.58290559
7.1385	0.58095193
7.2615	0.57803941
7.3846	0.58010024
7.5077	0.57701802
7.6308	0.57902807
7.7538	0.57969689
7.8769	0.57868481
8.0000	0.58042711
8.1231	0.57856381
8.2462	0.57572472
8.3692	0.57721275
8.4923	0.57640970
8.6154	0.57950425
8.7385	0.58389586
8.8615	0.58165604
8.9846	0.58365291
9.1077	0.57757437
9.2308	0.57251382
9.3538	0.57264465
9.4769	0.57242173
9.6000	0.58144939
9.7231	0.58656460
9.8462	0.58747143
9.9692	0.58294225
10.0923	0.57758808
10.2154	0.56930268
10.3385	0.57398683
10.4615	0.57157469
10.5846	0.58045900
10.7077	0.58360851
10.8308	0.58604836
10.9538	0.58688676
11.0769	0.58082581
11.2000	0.57333946
11.3231	0.57021797
11.4462	0.56968445
11.5692	0.57671714
11.6923	0.58598608
11.8154	0.58589584
11.9385	0.58719331
12.0615	0.57865280
12.1846	0.57410926
12.3077	0.57395643
12.4308	0.57311088
12.5538	0.57740784
12.6769	0.58093578
12.8000	0.58110768
12.9231	0.58514935
13.0462	0.58136916
13.1692	0.57832026
13.2923	0.57529157
13.4154	0.57345349
13.5385	0.57585216
13.6615	0.58281529
13.7846	0.58011198
13.9077	0.58386558
14.0308	0.57618284
14.1538	0.57689244
14.2769	0.57778215
14.4000	0.57905751
14.5231	0.58027017
14.6462	0.58089936
14.7692	0.57752502
14.8923	0.57915765
15.0154	0.57697952
15.1385	0.57551444
15.2615	0.57951921
15.3846	0.57860452
15.5077	0.58305055
15.6308	0.58288294
15.7538	0.57853740
15.8769	0.57877755
16.0000	0.57382351
16.1231	0.57382601
16.2462	0.57580769
16.3692	0.57971865
16.4923	0.58480793
16.6154	0.58873844
16.7385	0.58025527
16.8615	0.57687676
16.9846	0.57007802
17.1077	0.57172775
17.2308	0.57845151
17.3538	0.57898319
17.4769	0.58374166
17.6000	0.58479947
17.7231	0.58481336
17.8462	0.58197993
17.9692	0.57456470
18.0923	0.56656903
18.2154	0.57178652
18.3385	0.57610416
18.4615	0.58671397
18.5846	0.58910018
18.7077	0.58421737
18.8308	0.58100861
18.9538	0.57512319
19.0769	0.57038045
19.2000	0.57275003
19.3231	0.57244611
19.4462	0.58174145
19.5692	0.58635134
19.6923	0.58757043
19.8154	0.58388245
19.9385	0.57936609
20.0615	0.57004720
20.1846	0.57276291
20.3077	0.56949294
20.4308	0.57906449
20.5538	0.58521479
20.6769	0.58736980
20.8000	0.58655465
20.9231	0.57909465
21.0462	0.57304752
21.1692	0.57243365
21.2923	0.57306683
21.4154	0.57553411
21.5385	0.58276057
21.6615	0.58188331
21.7846	0.58750069
21.9077	0.58308774
22.0308	0.57756478
22.1538	0.57416290
22.2769	0.57001311
22.4000	0.57376981
22.5231	0.58064163
22.6462	0.58383065
22.7692	0.58593333
22.8923	0.58285916
23.0154	0.57610714
23.1385	0.57686216
23.2615	0.57431275
23.3846	0.57534325
23.5077	0.57835174
23.6308	0.57758850
23.7538	0.58375573
23.8769	0.58485031
24.0000	0.58103299
24.1231	0.57814687
24.2462	0.57245272
24.3692	0.57373714
24.4923	0.57876182
24.6154	0.58066535
24.7385	0.58164346
24.8615	0.58289391
24.9846	0.57753807
25.1077	0.58081132
25.2308	0.57580197
25.3538	0.57604504
25.4769	0.57774663
25.6000	0.57747501
25.7231	0.58087403
25.8462	0.58190328
25.9692	0.58044273
26.0923	0.57969767
26.2154	0.57793754
26.3385	0.57341403
26.4615	0.57889616
26.5846	0.57714468
26.7077	0.58242905
26.8308	0.58197594
26.9538	0.57841164
27.0769	0.57858545
27.2000	0.57742059
27.3231	0.57690823
27.4462	0.57915789
27.5692	0.57785225
27.6923	0.57845467
27.8154	0.58194637
27.9385	0.57935989
28.0615	0.58087593
28.1846	0.57851648
28.3077	0.57437098
28.4308	0.57775015
28.5538	0.57673043
28.6769	0.58117247
28.8000	0.58304822
28.9231	0.58007473
29.0462	0.57792222
29.1692	0.57764190
29.2923	0.57589668
29.4154	0.57985401
29.5385	0.57810652
29.6615	0.57661945
29.7846	0.58092177
29.9077	0.58018339
30.0308	0.58307779
30.1538	0.58024544
30.2769	0.57402486
30.4000	0.57566327
30.5231	0.57662344
30.6462	0.57990551
30.7692	0.58189243
30.8923	0.58045202
31.0154	0.57841456
31.1385	0.58199728
31.2615	0.57634234
31.3846	0.57899886
31.5077	0.57552314
31.6308	0.57591009
31.7538	0.58004916
31.8769	0.58011276
32.0000	0.58158910
32.1231	0.58186573
32.2462	0.57890648
32.3692	0.57678914
32.4923	0.57736838
32.6154	0.57371503
32.7385	0.58030635
32.8615	0.57931036
32.9846	0.58074206
33.1077	0.58165556
33.2308	0.57857913
33.3538	0.57948279
33.4769	0.57932734
33.6000	0.57592726
33.7231	0.57659805
33.8462	0.57667440
33.9692	0.57778543
34.0923	0.58362246
34.2154	0.58199239
34.3385	0.57982868
34.4615	0.57886010
34.5846	0.57439727
34.7077	0.57874012
34.8308	0.57881969
34.9538	0.57695061
35.0769	0.57849354
35.2000	0.57810664
35.3231	0.58186787
35.4462	0.58410603
35.5692	0.57983851
35.6923	0.57504213
35.8154	0.57659996
35.9385	0.57421064
36.0615	0.58170784
36.1846	0.57834649
36.3077	0.57866782
36.4308	0.58096862
36.5538	0.58122826
36.6769	0.58154839
36.8000	0.57927781
36.9231	0.57468879
37.0462	0.57500523
37.1692	0.57807875
37.2923	0.57594931
37.4154	0.58259565
37.5385	0.58048201
37.6615	0.58333325
37.7846	0.58202249
37.9077	0.57666844
38.0308	0.57510281
38.1538	0.57633018
38.2769	0.57542193
38.4000	0.57865489
38.5231	0.57868159
38.6462	0.58060908
38.7692	0.58643728
38.8923	0.58328050
39.0154	0.57817721
39.1385	0.57477653
39.2615	0.57008260
39.3846	0.57668853
39.5077	0.57858670
39.6308	0.58016539
39.7538	0.58343142
39.8769	0.58386141
40.0000	0.58287877
40.1231	0.58103895
40.2462	0.57367212
40.3692	0.57107902
40.4923	0.57416177
40.6154	0.57375312
40.7385	0.58365595
40.8615	0.58483237
40.9846	0.58705115
41.1077	0.58439213
41.2308	0.57692754
41.3538	0.57169068
41.4769	0.57289982
41.6000	0.57254267
41.7231	0.57679069
41.8462	0.58111238
41.9692	0.58272249
42.0923	0.59071726
42.2154	0.58586562
42.3385	0.57824183
42.4615	0.57140529
42.5846	0.56676781
42.7077	0.57273060
42.8308	0.57912421
42.9538	0.58185261
43.0769	0.58531034
43.2000	0.58800614
43.3231	0.58347321
43.4462	0.58202755
43.5692	0.57065052
43.6923	0.56801128
43.8154	0.57163990
43.9385	0.57551008
44.0615	0.58346498
44.1846	0.58741623
44.3077	0.58682698
44.4308	0.58588576
44.5538	0.57879215
44.6769	0.57019234
44.8000	0.57067895
44.9231	0.57109106
45.0462	0.57712084
45.1692	0.58345371
45.2923	0.58278358
45.4154	0.58731776
45.5385	0.58580744
45.6615	0.57946855
45.7846	0.57478774
45.9077	0.56847644
46.0308	0.57073325
46.1538	0.57801223
46.2769	0.58283991
46.4000	0.58303756
46.5231	0.58625215
46.6462	0.57884073
46.7692	0.58329338
46.8923	0.57644284
47.0154	0.57454586
47.1385	0.57259202
47.2615	0.57486874
47.3846	0.57739097
47.5077	0.58478260
47.6308	0.58232516
47.7538	0.58199775
47.8769	0.58076215
48.0000	0.57652706
48.1231	0.57983541
48.2462	0.57726616
48.3692	0.57488692
48.4923	0.57619494
48.6154	0.57586098
48.7385	0.57941794
48.8615	0.58366299
48.9846	0.58152884
49.1077	0.58176571
49.2308	0.58142418
49.3538	0.57752430
49.4769	0.57778639
49.6000	0.57457495
49.7231	0.57162839
49.8462	0.57748771
49.9692	0.57737237
50.0923	0.58385921
50.2154	0.58612031
50.3385	0.58510733
50.4615	0.58174050
50.5846	0.57764983
50.7077	0.56951618
50.8308	0.57153511
50.9538	0.57352680
51.0769	0.57679433
51.2000	0.58509684
51.3231	0.58393562
51.4462	0.58794159
51.5692	0.58581388
51.6923	0.57901120
51.8154	0.57170057
51.9385	0.56847745
52.0615	0.56778401
52.1846	0.57784194
52.3077	0.58387268
52.4308	0.58561748
52.5538	0.58902740
52.6769	0.58252734
52.8000	0.58093709
52.9231	0.57612389
53.0462	0.56994897
53.1692	0.56982434
53.2923	0.57364631
53.4154	0.57821852
53.5385	0.58662212
53.6615	0.58761382
53.7846	0.58321977
53.9077	0.58212346
54.0308	0.57508725
54.1538	0.57499576
54.2769	0.57575506
54.4000	0.57313448
54.5231	0.57673758
54.6462	0.57879591
54.7692	0.58104342
54.8923	0.58449239
55.0154	0.58323324
55.1385	0.57892179
55.2615	0.58049339
55.3846	0.57682174
55.5077	0.57683361
55.6308	0.57747370
55.7538	0.57250518
55.8769	0.57638544
56.0000	0.57753485
56.1231	0.58085853
56.2462	0.58514440
56.3692	0.58605504
56.4923	0.58208370
56.6154	0.58080959
56.7385	0.57376826
56.8615	0.57068586
56.9846	0.57373989
57.1077	0.57146055
57.2308	0.58004999
57.3538	0.58280158
57.4769	0.58766395
57.6000	0.58870536
57.7231	0.58564144
57.8462	0.57477105
57.9692	0.57230848
58.0923	0.56692070
58.2154	0.57112992
58.3385	0.57836807
58.4615	0.58080071
58.5846	0.58621067
58.7077	0.58781660
58.8308	0.58403122
58.9538	0.58285892
59.0769	0.57564259
59.2000	0.57042438
59.3231	0.57102072
59.4462	0.57349396
59.5692	0.57769454
59.6923	0.58534861
59.8154	0.58188832
59.9385	0.58282417
60.0615	0.58194840
60.1846	0.57946587
60.3077	0.58162946
60.4308	0.57709861
60.5538	0.57325387
60.6769	0.57398009
60.8000	0.57595283
60.9231	0.57705390
61.0462	0.58138865
61.1692	0.57850832
61.2923	0.58222401
61.4154	0.58732587
61.5385	0.58336508
61.6615	0.58271098
61.7846	0.57345372
61.9077	0.57027698
62.0308	0.57041389
62.1538	0.57457542
62.2769	0.57534397
62.4000	0.58564049
62.5231	0.58592570
62.6462	0.58937311
62.7692	0.58619571
62.8923	0.57704121
63.0154	0.57351178
63.1385	0.57081109
63.2615	0.56885362
63.3846	0.57353914
63.5077	0.57837629
63.6308	0.58390826
63.7538	0.59043139
63.8769	0.58601928
64.0000	0.57991022
64.1231	0.57844019
64.2462	0.57442170
64.3692	0.57617670
64.4923	0.57536447
64.6154	0.57131976
64.7385	0.57720369
64.8615	0.58000261
64.9846	0.58327645
65.1077	0.58276260
65.2308	0.58212340
65.3538	0.57880032
65.4769	0.58597946
65.6000	0.57866085
65.7231	0.57753831
65.8462	0.57141435
65.9692	0.56934577
66.0923	0.57321322
66.2154	0.57936823
66.3385	0.58156002
66.4615	0.58767134
66.5846	0.58773208
66.7077	0.58444268
66.8308	0.58258140
66.9538	0.57434547
67.0769	0.56897688
67.2000	0.57048172
67.3231	0.56879771
67.4462	0.57865030
67.5692	0.58390033
67.6923	0.58783615
67.8154	0.58678734
67.9385	0.58518779
68.0615	0.57666463
68.1846	0.57879817
68.3077	0.57351732
68.4308	0.57295084
68.5538	0.57489794
68.6769	0.57457882
68.8000	0.57820612
68.9231	0.58223343
69.0462	0.58072120
69.1692	0.58319294
69.2923	0.58375955
69.4154	0.58179522
69.5385	0.58239716
69.6615	0.57949483
69.7846	0.57239783
69.9077	0.57281816
70.0308	0.56855237
70.1538	0.57281202
70.2769	0.58103055
70.4000	0.58453488
70.5231	0.58896267
70.6462	0.58793116
70.7692	0.58346438
70.8923	0.57876050
71.0154	0.57647222
71.1385	0.56665623
71.2615	0.57107592
71.3846	0.57052606
71.5077	0.57876569
71.6308	0.58548212
71.7538	0.58630174
71.8769	0.58375490
72.0000	0.58344978
72.1231	0.57956129
72.2462	0.57894129
72.3692	0.57927632
72.4923	0.57264328
72.6154	0.57451540
72.7385	0.57362783
72.8615	0.57433110
72.9846	0.57923853
73.1077	0.58002925
73.2308	0.58144426
73.3538	0.58659893
73.4769	0.58659381
73.6000	0.58521545
73.7231	0.58163804
73.8462	0.57136613
73.9692	0.56741971
74.0923	0.57014847
74.2154	0.57097256
74.3385	0.58063227
74.4615	0.58290446
74.5846	0.58570445
74.7077	0.58871579
74.8308	0.58678800
74.9538	0.58015478
75.0769	0.57680613
75.2000	0.57183784
75.3231	0.57099360
75.4462	0.57688618
75.5692	0.57322234
75.6923	0.57881469
75.8154	0.57911509
75.9385	0.58100504
76.0615	0.58249921
76.1846	0.58502960
76.3077	0.58282858
76.4308	0.58616096
76.5538	0.58088750
76.6769	0.57303393
76.8000	0.57152009
76.9231	0.56810027
77.0462	0.57236540
77.1692	0.57759112
77.2923	0.57862300
77.4154	0.58500260
77.5385	0.59082705
77.6615	0.58956915
77.7846	0.58431160
77.9077	0.57666200
78.0308	0.56812441
78.1538	0.57356143
78.2769	0.57398331
78.4000	0.57429630
78.5231	0.57668251
78.6462	0.57708645
78.7692	0.58200347
78.8923	0.58637810
79.0154	0.58340764
79.1385	0.58180976
79.2615	0.58371121
79.3846	0.58061910
79.5077	0.57987595
79.6308	0.57536441
79.7538	0.56718767
79.8769	0.57092637
80.0000	0.57123506
80.1231	0.57742208
80.2462	0.58397985
80.3692	0.58899420
80.4923	0.58793950
80.6154	0.58886689
80.7385	0.57984746
80.8615	0.57558703
80.9846	0.57480109
81.1077	0.56918216
81.2308	0.57241327
81.3538	0.57358742
81.4769	0.57708400
81.6000	0.58154666
81.7231	0.58375323
81.8462	0.58007354
81.9692	0.58415812
82.0923	0.58443171
82.2154	0.58384687
82.3385	0.58461809
82.4615	0.57594728
82.5846	0.57199413
82.7077	0.57047105
82.8308	0.56851071
82.9538	0.57219034
83.0769	0.57886016
83.2000	0.58205956
83.3231	0.58809286
83.4462	0.59014606
83.5692	0.58526856
83.6923	0.58432746
83.8154	0.57752997
83.9385	0.57063425
84.0615	0.57259601
84.1846	0.57161850
84.3077	0.57601255
84.4308	0.57745457
84.5538	0.57663411
84.6769	0.57578754
84.8000	0.58464062
84.9231	0.58420467
85.0462	0.58839220
85.1692	0.58587760
85.2923	0.58031964
85.4154	0.58078551
85.5385	0.57571292
85.6615	0.56961787
85.7846	0.56655020
85.9077	0.56980336
86.0308	0.57336742
86.1538	0.58609653
86.2769	0.58577478
86.4000	0.58692169
86.5231	0.58687365
86.6462	0.58269060
86.7692	0.58043689
86.8923	0.57915092
87.0154	0.57410383
87.1385	0.57446718
87.2615	0.57433796
87.3846	0.57127589
87.5077	0.57355094
87.6308	0.57662857
87.7538	0.57656807
87.8769	0.58486533
88.0000	0.58587760
88.1231	0.58885849
88.2462	0.59009767
88.3692	0.58345127
88.4923	0.57499331
88.6154	0.57118237
88.7385	0.56807303
88.8615	0.56956398
88.9846	0.57624483
89.1077	0.57427478
89.2308	0.58108538
89.3538	0.58345199
89.4769	0.58383429
89.6000	0.58549070
89.7231	0.58457243
89.8462	0.58210415
89.9692	0.58274186
90.0923	0.58092099
90.2154	0.57357287
90.3385	0.57451242
90.4615	0.56732279
90.5846	0.56822228
90.7077	0.57281303
90.8308	0.57830036
90.9538	0.58560836
91.0769	0.59115046
91.2000	0.58707595
91.3231	0.58448839
91.4462	0.58384621
91.5692	0.57808405
91.6923	0.57704341
91.8154	0.57309175
91.9385	0.56899863
92.0615	0.57486641
92.1846	0.57545745
92.3077	0.57491255
92.4308	0.57524735
92.5538	0.57791799
92.6769	0.58261347
92.8000	0.59273034
92.9231	0.58990061
93.0462	0.58531702
93.1692	0.58235776
93.2923	0.57475972
93.4154	0.57302749
93.5385	0.57021922
93.6615	0.56715143
93.7846	0.57161945
93.9077	0.57810616
94.0308	0.57994652
94.1538	0.58273339
94.2769	0.58444709
94.4000	0.58109742
94.5231	0.58808875
94.6462	0.58428705
94.7692	0.58412516
94.8923	0.58179408
95.0154	0.57794082
95.1385	0.57030225
95.2615	0.56930763
95.3846	0.56592155
95.5077	0.57021129
95.6308	0.58004594
95.7538	0.58081299
95.8769	0.58628345
96.0000	0.58727533
96.1231	0.58671099
96.2462	0.58585316
96.3692	0.58376044
96.4923	0.57579136
96.6154	0.57728523
96.7385	0.57658434
96.8615	0.57404602
96.9846	0.57261950
97.1077	0.56904393
97.2308	0.56715488
97.3538	0.57815880
97.4769	0.58119059
97.6000	0.58821076
97.7231	0.58887696
97.8462	0.58906734
97.9692	0.58427215
98.0923	0.58612990
98.2154	0.57519233
98.3385	0.57338858
98.4615	0.57183236
98.5846	0.57058346
98.7077	0.57457358
98.8308	0.57484454
98.9538	0.57312745
99.0769	0.57507497
99.2000	0.58064961
99.3231	0.58214515
99.4462	0.59103858
99.5692	0.59046900
99.6923	0.58694589
99.8154	0.58496445
99.9385	0.57711262
100.0615	0.57220495
100.1846	0.57141465
100.3077	0.56902778
100.4308	0.56952131
100.5538	0.57517302
100.6769	0.57625443
100.8000	0.57920963
100.9231	0.58336914
101.0462	0.57982135
101.1692	0.58534729
101.2923	0.58839524
101.4154	0.58867931
101.5385	0.58707404
101.6615	0.58196110
101.7846	0.57233858
101.9077	0.57045650
102.0308	0.56913489
102.1538	0.56687069
102.2769	0.57334715
102.4000	0.57521111
102.5231	0.57870591
102.6462	0.58461249
102.7692	0.58370781
102.8923	0.58443385
103.0154	0.58616704
103.1385	0.58629477
103.2615	0.58362007
103.3846	0.58688825
103.5077	0.57746077
103.6308	0.57469159
103.7538	0.56888181
103.8769	0.56456155
104.0000	0.56801510
104.1231	0.57484215
104.2462	0.57801610
104.3692	0.58180940
104.4923	0.58534837
104.6154	0.58290321
104.7385	0.58908647
104.8615	0.58677161
104.9846	0.58306450
105.1077	0.58294517
105.2308	0.58137518
105.3538	0.57800853
105.4769	0.57585055
105.6000	0.56771111
105.7231	0.56331062
105.8462	0.56908333
105.9692	0.57415974
106.0923	0.57909119
106.2154	0.58598864
106.3385	0.58290178
106.4615	0.58695173
106.5846	0.58803427
106.7077	0.58600235
106.8308	0.58301586
106.9538	0.58343565
107.0769	0.57841754
107.2000	0.57787609
107.3231	0.57531041
107.4462	0.56616175
107.5692	0.56769681
107.6923	0.56757510
107.8154	0.57217896
107.9385	0.57945925
108.0615	0.58530921
108.1846	0.58530974
108.3077	0.58882099
108.4308	0.58714545
108.5538	0.58273220
108.6769	0.58664656
108.8000	0.58167768
108.9231	0.58093840
109.0462	0.57757974
109.1692	0.57262671
109.2923	0.56713140
109.4154	0.56974888
109.5385	0.56707692
109.6615	0.57099956
109.7846	0.57796377
109.9077	0.58160651
110.0308	0.58755517
110.1538	0.59096193
110.2769	0.58461362
110.4000	0.58490473
110.5231	0.58420944
110.6462	0.58426267
110.7692	0.58300233
110.8923	0.58049655
111.0154	0.56968343
111.1385	0.57003534
111.2615	0.56830144
111.3846	0.56688619
111.5077	0.57179230
111.6308	0.57329458
111.7538	0.57961690
111.8769	0.58640510
112.0000	0.59012151
112.1231	0.58415920
112.2462	0.58743513
112.3692	0.58319879
112.4923	0.58559537
112.6154	0.58685839
112.7385	0.58083510
112.8615	0.57444006
112.9846	0.57148504
113.1077	0.56659949
113.2308	0.56619573
113.3538	0.57063103
113.4769	0.57131159
113.6000	0.57682163
113.7231	0.58414125
113.8462	0.58284652
113.9692	0.58720922
114.0923	0.58646828
114.2154	0.58539522
114.3385	0.58639491
114.4615	0.58899570
114.5846	0.58328772
114.7077	0.58126879
114.8308	0.57459539
114.9538	0.56608820
115.0769	0.56741107
115.2000	0.56781149
115.3231	0.56953269
115.4462	0.57571536
115.5692	0.57752204
115.6923	0.57897383
115.8154	0.58305931
115.9385	0.58553642
116.0615	0.58410847
116.1846	0.59140140
116.3077	0.58779550
116.4308	0.58819526
116.5538	0.58610338
116.6769	0.57924640
116.8000	0.57203126
116.9231	0.56930399
117.0462	0.56652033
117.1692	0.56760573
117.2923	0.57546598
117.4154	0.57193524
117.5385	0.57487261
117.6615	0.57602197
117.7846	0.57859623
117.9077	0.58432889
118.0308	0.59036946
118.1538	0.58866698
118.2769	0.59013313
118.4000	0.59096169
118.5231	0.58408225
118.6462	0.58060378
118.7692	0.57457757
118.8923	0.56838435
119.0154	0.57184100
119.1385	0.57273847
119.2615	0.57051361
119.3846	0.57032007
119.5077	0.57007831
119.6308	0.57026011
119.7538	0.57865900
119.8769	0.58476204
120.0000	0.58575386
120.1231	0.59329236
120.2462	0.58918750
120.3692	0.58901602
120.4923	0.58583820
120.6154	0.58376706
120.7385	0.57625127
120.8615	0.57908058
120.9846	0.57397127
121.1077	0.57223260
121.2308	0.57187045
121.3538	0.56518680
121.4769	0.56484574
121.6000	0.56973577
121.7231	0.57556295
121.8462	0.58063430
121.9692	0.58765793
122.0923	0.58505714
122.2154	0.58688265
122.3385	0.58986813
122.4615	0.58657426
122.5846	0.58685058
122.7077	0.58727747
122.8308	0.58237505
122.9538	0.58042395
123.0769	0.57533264
123.2000	0.56803095
123.3231	0.56498390
123.4462	0.56858170
123.5692	0.56555980
123.6923	0.57342815
123.8154	0.57606554
123.9385	0.57809639
124.0615	0.58078605
124.1846	0.58234322
124.3077	0.58242071
124.4308	0.58963358
124.5538	0.59504795
124.6769	0.59038371
124.8000	0.58921731
124.9231	0.58240891
125.0462	0.57719725
125.1692	0.57749754
125.2923	0.57190573
125.4154	0.56771028
125.5385	0.56855440
125.6615	0.57219684
125.7846	0.56878346
125.9077	0.57246131
126.0308	0.56794238
126.1538	0.57274956
126.2769	0.58331198
126.4000	0.58924335
126.5231	0.58988035
126.6462	0.59101993
126.7692	0.58841550
126.8923	0.58630931
127.0154	0.58876860
127.1385	0.58307314
127.2615	0.57957220
127.3846	0.58030093
127.5077	0.57440478
127.6308	0.57066274
127.7538	0.56772232
127.8769	0.56354845
128.0000	0.56453419
128.1231	0.57160896
128.2462	0.57434821
128.3692	0.57777154
128.4923	0.58414036
128.6154	0.58028585
128.7385	0.58505166
128.8615	0.58745414
128.9846	0.59033614
129.1077	0.59151614
129.2308	0.59387732
129.3539	0.58594757
129.4769	0.58147395
129.6000	0.57905632
129.7231	0.57072961
129.8462	0.57189524
129.9692	0.56984133
130.0923	0.56842279
130.2154	0.56815648
130.3385	0.57107258
130.4615	0.56726867
130.5846	0.57111496
130.7077	0.57559562
130.8308	0.57839614
130.9538	0.58814818
131.0769	0.59261459
131.2000	0.59007281
131.3231	0.58940500
131.4462	0.58776128
131.5692	0.58574712
131.6923	0.58789510
131.8154	0.58693308
131.9385	0.57815081
132.0615	0.57655925
132.1846	0.57244259
132.3077	0.56656039
132.4308	0.56695300
132.5538	0.56400472
132.6769	0.56607372
132.8000	0.57160336
132.9231	0.57821065
133.0462	0.57394719
133.1692	0.57960969
133.2923	0.57910085
133.4154	0.58411539
133.5385	0.59202343
133.6615	0.59421349
133.7846	0.59205079
133.9077	0.59117883
134.0308	0.58800054
134.1538	0.58055127
134.2769	0.58195424
134.4000	0.57691854
134.5231	0.57355708
134.6461	0.57365859
134.7692	0.56928581
134.8923	0.56556195
135.0154	0.56609160
135.1385	0.56521541
135.2615	0.56552792
135.3846	0.57470357
135.5077	0.57962024
135.6308	0.58196652
135.7538	0.58667594
135.8769	0.58330202
136.0000	0.58570921
136.1231	0.59158349
136.2462	0.59389085
136.3692	0.59119159
136.4923	0.59136891
136.6154	0.58581948
136.7385	0.57961935
136.8615	0.57921439
136.9846	0.57062119
137.1077	0.56938851
137.2308	0.57045716
137.3539	0.56971186
137.4769	0.56617677
137.6000	0.56747890
137.7231	0.56561077
137.8462	0.56699538
137.9692	0.57641882
138.0923	0.57773703
138.2154	0.58478463
138.3385	0.58952934
138.4615	0.58944619
138.5846	0.58667552
138.7077	0.59015548
138.8308	0.59034413
138.9538	0.59141946
139.0769	0.59364277
139.2000	0.58416802
139.3231	0.57967103
139.4462	0.57766610
139.5692	0.57274425
139.6923	0.56777775
139.8154	0.56747127
139.9385	0.56566507
140.0615	0.56774634
140.1846	0.57182086
140.3077	0.56629348
140.4308	0.56495064
140.5538	0.57238233
140.6769	0.57732296
140.8000	0.58599472
140.9231	0.58900928
141.0462	0.58844244
141.1692	0.58688211
141.2923	0.59404218
141.4154	0.59021115
141.5385	0.59017825
141.6615	0.59104466
141.7846	0.58677983
141.9077	0.58579361
142.0308	0.58093411
142.1538	0.57379502
142.2769	0.56581658
142.4000	0.57010978
142.5231	0.56542253
142.6461	0.56832343
142.7692	0.56842512
142.8923	0.56603622
143.0154	0.56531644
143.1385	0.57042927
143.2615	0.57183880
143.3846	0.57821900
143.5077	0.58657998
143.6308	0.58810270
143.7538	0.58817440
143.8769	0.59224218
144.0000	0.58851641
144.1231	0.59165031
144.2462	0.59340686
144.3692	0.59110820
144.4923	0.58773458
144.6154	0.58709645
144.7385	0.58003074
144.8615	0.57270718
144.9846	0.57262510
145.1077	0.56534082
145.2308	0.56853604
145.3539	0.56908530
145.4769	0.56766319
145.6000	0.56239694
145.7231	0.56571674
145.8462	0.56507862
145.9692	0.57114321
146.0923	0.58031738
146.2154	0.58108532
146.3385	0.58379292
146.4615	0.58811319
146.5846	0.58832324
146.7077	0.59007680
146.8308	0.59344232
146.9538	0.59313381
147.0769	0.59139156
147.2000	0.59620392
147.3231	0.58785188
147.4462	0.58321416
147.5692	0.57778287
147.6923	0.57379401
147.8154	0.57155055
147.9385	0.57496500
148.0615	0.56961596
148.1846	0.56368607
148.3077	0.56329042
148.4308	0.56122011
148.5538	0.56317329
148.6769	0.57073992
148.8000	0.57066476
148.9231	0.57447577
149.0462	0.57912046
149.1692	0.58291847
149.2923	0.58147979
149.4154	0.58877599
149.5385	0.58876383
149.6615	0.59293848
149.7846	0.59930199
149.9077	0.59573179
150.0308	0.59152389
150.1538	0.58775860
150.2769	0.58672297
150.4000	0.58097619
150.5231	0.58561307
150.6461	0.57823372
150.7692	0.57363093
150.8923	0.56992537
151.0154	0.56541884
151.1385	0.56062663
151.2615	0.56424183
151.3846	0.56506801
151.5077	0.56492710
151.6308	0.56858289
151.7538	0.56954157
151.8769	0.56810349
152.0000	0.57604104
152.1231	0.57760334
152.2462	0.58213770
152.3692	0.58876634
152.4923	0.59440321
152.6154	0.59198707
152.7385	0.59353030
152.8615	0.59200972
152.9846	0.58941662
153.1077	0.59627163
153.2308	0.59491348
153.3539	0.58953637
153.4769	0.58437335
153.6000	0.58023584
153.7231	0.57386595
153.8462	0.57301939
153.9692	0.57238632
154.0923	0.56474441
154.2154	0.56811482
154.3385	0.56456387
154.4615	0.56244409
154.5846	0.56020212
154.7077	0.56428343
154.8308	0.56323719
154.9538	0.57184643
155.0769	0.57747382
155.2000	0.57714456
155.3231	0.57980746
155.4462	0.58276731
155.5692	0.58329189
155.6923	0.59116781
155.8154	0.59740984
155.9385	0.59700060
156.0615	0.59457123
156.1846	0.59594494
156.3077	0.59010792
156.4308	0.59155428
156.5538	0.59110886
156.6769	0.58478320
156.8000	0.58307385
156.9231	0.58162528
157.0462	0.57640588
157.1692	0.56730813
157.2923	0.56713450
157.4154	0.56082934
157.5385	0.56514555
157.6615	0.56758666
157.7846	0.56372786
157.9077	0.55986047
158.0308	0.56261033
158.1538	0.56497252
158.2769	0.56777722
158.4000	0.57620800
158.5231	0.57728428
158.6461	0.58070475
158.7692	0.58710295
158.8923	0.58587700
159.0154	0.58726925
159.1385	0.59244132
159.2615	0.59793264
159.3846	0.59617329
159.5077	0.60019392
159.6308	0.59478873
159.7538	0.59120739
159.8769	0.59136277
160.0000	0.58786410
160.1231	0.58281881
160.2462	0.58407795
160.3692	0.58191454
160.4923	0.57392025
160.6154	0.56815398
160.7385	0.56444621
160.8615	0.55968893
160.9846	0.56698161
161.1077	0.56503201
161.2308	0.56149691
161.3539	0.55908084
161.4769	0.56343132
161.6000	0.56272346
161.7231	0.56769168
161.8462	0.57215649
161.9692	0.57195902
162.0923	0.58180994
162.2154	0.58557981
162.3385	0.58571339
162.4615	0.58407450
162.5846	0.59159601
162.7077	0.59327149
162.8308	0.59999865
162.9538	0.60238034
163.0769	0.59584367
163.2000	0.59306592
163.3231	0.59435314
163.4462	0.59168231
163.5692	0.58991855
163.6923	0.58977485
163.8154	0.58435178
163.9385	0.57780492
164.0615	0.57705373
164.1846	0.56913179
164.3077	0.56511581
164.4308	0.56659532
164.5538	0.56407213
164.6769	0.56260616
164.8000	0.56182635
164.9231	0.56099617
165.0462	0.55464590
165.1692	0.56234992
165.2923	0.56286591
165.4154	0.56812906
165.5385	0.57294154
165.6615	0.57584691
165.7846	0.57351220
165.9077	0.57835656
166.0308	0.58480680
166.1538	0.58655572
166.2769	0.59503990
166.4000	0.59707379
166.5231	0.59511399
166.6461	0.59670496
166.7692	0.59846997
166.8923	0.59617758
167.0154	0.59660900
167.1385	0.59955090
167.2615	0.59430552
167.3846	0.59264052
167.5077	0.58995163
167.6308	0.58061391
167.7538	0.57761401
167.8769	0.57736027
168.0000	0.57565051
168.1231	0.57071531
168.2462	0.56998986
168.3692	0.56087780
168.4923	0.55676854
168.6154	0.56001937
168.7385	0.55903256
168.8615	0.56003809
168.9846	0.56164461
169.1077	0.56166363
169.2308	0.55883121
169.3539	0.56499225
169.4769	0.56762147
169.6000	0.56864733
169.7231	0.57767808
169.8462	0.58034432
169.9692	0.58388102
170.0923	0.58599848
170.2154	0.59031421
170.3385	0.58702588
170.4615	0.59550625
170.5846	0.60148925
170.7077	0.60144091
170.8308	0.60171795
170.9538	0.59913892
171.0769	0.59481031
171.2000	0.59600294
171.3231	0.60026294
171.4462	0.59527832
171.5692	0.59066856
171.6923	0.58946621
171.8154	0.58214301
171.9385	0.57863790
172.0615	0.57666308
172.1846	0.57090080
172.3077	0.56842345
172.4308	0.56928992
172.5538	0.56641102
172.6769	0.55664843
172.8000	0.55828059
172.9231	0.55371690
173.0462	0.55688119
173.1692	0.56007195
173.2923	0.56197214
173.4154	0.55748761
173.5385	0.56024557
173.6615	0.56362009
173.7846	0.56292808
173.9077	0.57207602
174.0308	0.57624853
174.1538	0.57913691
174.2769	0.58157134
174.4000	0.58637369
174.5231	0.58499867
174.6461	0.59047282
174.7692	0.59779382
174.8923	0.59829789
175.0154	0.60034621
175.1385	0.60417497
175.2615	0.60017359
175.3846	0.59975058
175.5077	0.60030544
175.6308	0.60095322
175.7538	0.59794658
175.8769	0.60259032
176.0000	0.59487653
176.1231	0.58734870
176.2462	0.58497208
176.3692	0.58235657
176.4923	0.58037579
176.6154	0.57923013
176.7385	0.57612622
176.8615	0.56487638
176.9846	0.56442040
177.1077	0.56239915
177.2308	0.55808794
177.3539	0.55832857
177.4769	0.55765152
177.6000	0.55590969
177.7231	0.55462146
177.8462	0.55796850
177.9692	0.55138105
178.0923	0.55379641
178.2154	0.56033444
178.3385	0.56429100
178.4615	0.56681150
178.5846	0.56922722
178.7077	0.56783044
178.8308	0.56938243
178.9538	0.58013821
179.0769	0.58552146
179.2000	0.58592546
179.3231	0.59182990
179.4462	0.59238827
179.5692	0.59427631
179.6923	0.59785080
179.8154	0.60180259
179.9385	0.60047418
180.0615	0.60568070
180.1846	0.60967666
180.3077	0.60293043
180.4308	0.60290861
180.5538	0.60089636
180.6769	0.60069191
180.8000	0.59932113
180.9231	0.60239577
181.0462	0.59490633
181.1692	0.58892167
181.2923	0.58785307
181.4154	0.58064437
181.5385	0.57836366
181.6615	0.57850671
181.7846	0.57653892
181.9077	0.56800193
182.0308	0.56527466
182.1538	0.56071335
182.2769	0.55541897
182.4000	0.55881512
182.5231	0.55728298
182.6461	0.55340153
182.7692	0.55227232
182.8923	0.55374664
183.0154	0.54943973
183.1385	0.54988164
183.2615	0.55416757
183.3846	0.55453801
183.5077	0.55890882
183.6308	0.56392699
183.7538	0.56042540
183.8769	0.56162143
184.0000	0.56646895
184.1231	0.57479173
184.2462	0.57520413
184.3692	0.58611017
184.4923	0.58260065
184.6154	0.58527839
184.7385	0.58831781
184.8615	0.59595174
184.9846	0.59617984
185.1077	0.60249335
185.2308	0.60600775
185.3539	0.60302782
185.4769	0.60602885
185.6000	0.60812581
185.7231	0.60593086
185.8462	0.60690701
185.9692	0.61136526
186.0923	0.61011261
186.2154	0.60613775
186.3385	0.60511255
186.4615	0.59862536
186.5846	0.59548813
186.7077	0.60089070
186.8308	0.59759545
186.9538	0.59170806
187.0769	0.58483738
187.2000	0.58308434
187.3231	0.57502705
187.4462	0.57744741
187.5692	0.57427126
187.6923	0.56772774
187.8154	0.56527722
187.9385	0.56327605
188.0615	0.55725038
188.1846	0.55178398
188.3077	0.55429268
188.4308	0.55117548
188.5538	0.55067652
188.6769	0.55239516
188.8000	0.54667431
188.9231	0.54391223
189.0462	0.54523021
189.1692	0.54944372
189.2923	0.54772830
189.4154	0.55430752
189.5385	0.55445188
189.6615	0.55152452
189.7846	0.55438060
189.9077	0.55916047
190.0308	0.56240642
190.1538	0.56743628
190.2769	0.57386875
190.4000	0.57238245
190.5231	0.57416290
190.6461	0.58179069
190.7692	0.58303273
190.8923	0.58730352
191.0154	0.59403813
191.1385	0.59813076
191.2615	0.59817713
191.3846	0.60177881
191.5077	0.60439253
191.6308	0.60166740
191.7538	0.61159503
191.8769	0.61394697
192.0000	0.61535108
192.1231	0.61221188
192.2462	0.61530614
192.3692	0.61028993
192.4923	0.61250633
192.6154	0.61823469
192.7385	0.61528438
192.8615	0.61256683
192.9846	0.60995936
193.1077	0.60693222
193.2308	0.60207301
193.3539	0.60546869
193.4769	0.60321170
193.6000	0.59620315
193.7231	0.59479439
193.8462	0.59269911
193.9692	0.58480030
194.0923	0.58153951
194.2154	0.57858890
194.3385	0.57646281
194.4615	0.57288879
194.5846	0.57481873
194.7077	0.56183207
194.8308	0.55642819
194.9538	0.55595529
195.0769	0.55757117
195.2000	0.55384475
195.3231	0.55146587
195.4462	0.54733980
195.5692	0.53988987
195.6923	0.54368657
195.8154	0.54270351
195.9385	0.53947979
196.0615	0.53916270
196.1846	0.54262966
196.3077	0.54028183
196.4308	0.53700948
196.5538	0.53991771
196.6769	0.53797340
196.8000	0.54220939
196.9231	0.54816675
197.0462	0.54854232
197.1692	0.54554260
197.2923	0.54887402
197.4154	0.55327356
197.5385	0.55358601
197.6615	0.56059217
197.7846	0.56646383
197.9077	0.56594205
198.0308	0.56960213
198.1538	0.57185447
198.2769	0.57478559
198.4000	0.57800239
198.5231	0.59022772
198.6461	0.59032422
198.7692	0.59046602
198.8923	0.59506398
199.0154	0.59789884
199.1385	0.60134780
199.2615	0.60590065
199.3846	0.61238116
199.5077	0.60997546
199.6308	0.61649776
199.7538	0.61906832
199.8769	0.61614954
200.0000	0.61749172
200.1231	0.62418592
200.2462	0.62827134
200.3692	0.62691307
200.4923	0.62893891
200.6154	0.62418163
200.7385	0.62209600
200.8615	0.62909895
200.9846	0.63127977
201.1077	0.62795192
201.2308	0.62521029
201.3539	0.62581861
201.4769	0.62077880
201.6000	0.62016171
201.7231	0.62254053
201.8462	0.61710644
201.9692	0.61600536
202.0923	0.61555898
202.2154	0.61148012
202.3385	0.60316992
202.4615	0.60246062
202.5846	0.60277283
202.7077	0.59668577
202.8308	0.59887481
202.9538	0.59174430
203.0769	0.58550590
203.2000	0.57794833
203.3231	0.58175528
203.4462	0.57591754
203.5692	0.57388335
203.6923	0.57174921
203.8154	0.56431872
203.9385	0.55712605
204.0615	0.55676717
204.1846	0.55566657
204.3077	0.55048621
204.4308	0.54873705
204.5538	0.54713345
204.6769	0.53890890
204.8000	0.53720611
204.9231	0.53612375
205.0462	0.53173435
205.1692	0.53025264
205.2923	0.53172058
205.4154	0.53009069
205.5385	0.52116382
205.6615	0.52320397
205.7846	0.51912844
205.9077	0.52060276
206.0308	0.52188832
206.1538	0.52395600
206.2769	0.51693130
206.4000	0.51511770
206.5231	0.51880884
206.6461	0.51679468
206.7692	0.51928890
206.8923	0.52219176
207.0154	0.52204597
207.1385	0.51911485
207.2615	0.52185971
207.3846	0.52376306
207.5077	0.52238160
207.6308	0.52906489
207.7538	0.53246933
207.8769	0.53108746
208.0000	0.53230590
208.1231	0.53611416
208.2462	0.53738946
208.3692	0.53829211
208.4923	0.54748857
208.6154	0.54901606
208.7385	0.55057144
208.8615	0.55391824
208.9846	0.55485934
209.1077	0.55609202
209.2308	0.56316710
209.3539	0.57365638
209.4769	0.57134831
209.6000	0.57283521
209.7231	0.57651216
209.8462	0.57938397
209.9692	0.58536553
210.0923	0.59159309
210.2154	0.59571207
210.3385	0.59294480
210.4615	0.60264736
210.5846	0.60507143
210.7077	0.60559642
210.8308	0.60874498
210.9538	0.61731809
211.0769	0.62130892
211.2000	0.62360018
211.3231	0.62794888
211.4462	0.62545687
211.5692	0.62790543
211.6923	0.63868189
211.8154	0.64409345
211.9385	0.64332610
212.0615	0.64441699
212.1846	0.64851314
212.3077	0.64855969
212.4308	0.65298194
212.5538	0.66154158
212.6769	0.65939391
212.8000	0.66318202
212.9231	0.66449112
213.0462	0.66844285
213.1692	0.66344690
213.2923	0.67250419
213.4154	0.67569929
213.5385	0.67580539
213.6615	0.67797667
213.7846	0.67946231
213.9077	0.67800868
214.0308	0.67707527
214.1538	0.68565631
214.2769	0.68590200
214.4000	0.68560767
214.5231	0.68808633
214.6461	0.68663681
214.7692	0.68297762
214.8923	0.68657708
215.0154	0.69249201
215.1385	0.69159240
215.2615	0.68913805
215.3846	0.69206065
215.5077	0.68583190
215.6308	0.68738210
215.7538	0.69061637
215.8769	0.69395065
216.0000	0.68825591
216.1231	0.68912345
216.2462	0.69012439
216.3692	0.68420386
216.4923	0.68637305
216.6154	0.68738627
216.7385	0.68735093
216.8615	0.68391824
216.9846	0.68706208
217.1077	0.68313807
217.2308	0.67570633
217.3539	0.67930454
217.4769	0.68101388
217.6000	0.68061322
217.7231	0.67724103
217.8462	0.67606348
217.9692	0.66883159
218.0923	0.66698503
218.2154	0.67365485
218.3385	0.67142737
218.4615	0.66609532
218.5846	0.66369694
218.7077	0.66282147
218.8308	0.65843719
218.9538	0.65725601
219.0769	0.65964764
219.2000	0.65355021
219.3231	0.65264398
219.4462	0.65320987
219.5692	0.64787519
219.6923	0.64148206
219.8154	0.64102435
219.9385	0.64571273
220.0615	0.63897389
220.1846	0.63966525
220.3077	0.63370955
220.4308	0.62861645
220.5538	0.62526250
220.6769	0.62983251
220.8000	0.62825054
220.9231	0.62063503
221.0462	0.62061626
221.1692	0.61608696
221.2923	0.61155111
221.4154	0.61037982
221.5385	0.61240476
221.6615	0.60788751
221.7846	0.60317749
221.9077	0.60335344
222.0308	0.59772611
222.1538	0.59241009
222.2769	0.59444880
222.4000	0.59330297
222.5231	0.58947742
222.6461	0.58503276
222.7692	0.58577955
222.8923	0.57729363
223.0154	0.57479656
223.1385	0.57712245
223.2615	0.57489711
223.3846	0.57158238
223.5077	0.56719744
223.6308	0.56605148
223.7538	0.55644256
223.8769	0.55962610
224.0000	0.56070894
224.1231	0.55734730
224.2462	0.55089754
224.3692	0.54906982
224.4923	0.54646969
224.6154	0.54145026
224.7385	0.54393792
224.8615	0.54251796
224.9846	0.53657395
225.1077	0.53429753
225.2308	0.53366637
225.3539	0.52899784
225.4769	0.52428877
225.6000	0.52661568
225.7231	0.52629405
225.8462	0.52016348
225.9692	0.52021784
226.0923	0.51477146
226.2154	0.51179761
226.3385	0.50883883
226.4615	0.51507258
226.5846	0.50983506
226.7077	0.50468755
226.8308	0.50294930
226.9538	0.49982223
227.0769	0.49795008
227.2000	0.49836746
227.3231	0.50085080
227.4462	0.49343419
227.5692	0.48998258
227.6923	0.49105889
227.8154	0.48817539
227.9385	0.48613498
228.0615	0.48627150
228.1846	0.48695934
228.3077	0.48162436
228.4308	0.48083177
228.5538	0.48100099
228.6769	0.47521085
228.8000	0.47545564
228.9231	0.47844976
229.0462	0.47926006
229.1692	0.47222000
229.2923	0.47067904
229.4154	0.47063994
229.5385	0.46870834
229.6615	0.47201276
229.7846	0.47327715
229.9077	0.46879378
230.0308	0.46443233
230.1538	0.46626222
230.2769	0.46925753
230.4000	0.46395317
230.5231	0.46862292
230.6461	0.46690944
230.7692	0.46745282
230.8923	0.46242893
231.0154	0.46705598
231.1385	0.46441740
231.2615	0.46518949
231.3846	0.46917516
231.5077	0.47004205
231.6308	0.46523988
231.7538	0.46500155
231.8769	0.46881402
232.0000	0.46976483
232.1231	0.46923715
232.2462	0.47432759
232.3692	0.47330308
232.4923	0.47060227
232.6154	0.47265446
232.7385	0.47538570
232.8615	0.47799194
232.9846	0.47825927
233.1077	0.48578411
233.2308	0.47954464
233.3539	0.48045152
233.4769	0.48317546
233.6000	0.49149171
233.7231	0.48997778
233.8462	0.49198687
233.9692	0.49519405
234.0923	0.49474084
234.2154	0.49706006
234.3385	0.50253290
234.4615	0.50432098
234.5846	0.50552207
234.7077	0.51027983
234.8308	0.51701683
234.9538	0.51198035
235.0769	0.51435715
235.2000	0.52059191
235.3231	0.52764428
235.4462	0.52933079
235.5692	0.53230238
235.6923	0.53328508
235.8154	0.53226548
235.9385	0.53994232
236.0615	0.54931498
236.1846	0.54907596
236.3077	0.55022073
236.4308	0.55341816
236.5538	0.56060201
236.6769	0.55807531
236.8000	0.56650078
236.9231	0.57044494
237.0462	0.57380891
237.1692	0.57605326
237.2923	0.58128083
237.4154	0.58277696
237.5385	0.58182889
237.6615	0.59189367
237.7846	0.59768140
237.9077	0.59820849
238.0308	0.59930396
238.1538	0.60348934
238.2769	0.60551155
238.4000	0.60681254
238.5231	0.61633158
238.6461	0.61982912
238.7692	0.61789680
238.8923	0.62010944
239.0154	0.62311578
239.1385	0.62547404
239.2615	0.62721252
239.3846	0.63602686
239.5077	0.63562578
239.6308	0.63182557
239.7538	0.63560563
239.8769	0.63842422
240.0000	0.64035082
240.1231	0.63922948
240.2462	0.64664829
240.3692	0.64367759
240.4923	0.64175713
240.6154	0.64400208
240.7385	0.64422935
240.8615	0.64382702
240.9846	0.64395458
241.1077	0.65087658
241.2308	0.64378351
241.3539	0.64039230
241.4769	0.64028972
241.6000	0.64272106
241.7231	0.63991368
241.8462	0.64154577
241.9692	0.64053321
242.0923	0.63438463
242.2154	0.62776673
242.3385	0.63329005
242.4615	0.62968445
242.5846	0.62891597
242.7077	0.62349981
242.8308	0.62462199
242.9538	0.61440200
243.0769	0.61316019
243.2000	0.61429262
243.3231	0.61039066
243.4462	0.60511035
243.5692	0.60238117
243.6923	0.60191858
243.8154	0.59242928
243.9385	0.58873248
244.0615	0.58928573
244.1846	0.58555728
244.3077	0.58223313
244.4308	0.57846868
244.5538	0.57447493
244.6769	0.56459093
244.8000	0.56466603
244.9231	0.56790674
245.0462	0.56295061
245.1692	0.55585355
245.2923	0.55214620
245.4154	0.55036277
245.5385	0.54619640
245.6615	0.54570258
245.7846	0.54777527
245.9077	0.53991443
246.0308	0.53782010
246.1538	0.53632218
246.2769	0.53724176
246.4000	0.53115630
246.5231	0.53295833
246.6461	0.53627384
246.7692	0.53200924
246.8923	0.53036880
247.0154	0.52985024
247.1385	0.53166020
247.2615	0.52950090
247.3846	0.53457540
247.5077	0.53865415
247.6308	0.53381473
247.7538	0.53300822
247.8769	0.53634971
248.0000	0.54201257
248.1231	0.54224044
248.2462	0.54675233
248.3692	0.54981923
248.4923	0.54707986
248.6154	0.54994363
248.7385	0.55719525
248.8615	0.56163764
248.9846	0.56226426
249.1077	0.56613535
249.2308	0.57283199
249.3539	0.56999463
249.4769	0.57455111
249.6000	0.58074486
249.7231	0.58672214
249.8462	0.58744681
249.9692	0.59083629
250.0923	0.59654194
250.2154	0.59276938
250.3385	0.59979814
250.4615	0.60419989
250.5846	0.61055851
250.7077	0.60645992
250.8308	0.61232668
250.9538	0.61328369
251.0769	0.61210352
251.2000	0.61334646
251.3231	0.62221789
251.4462	0.62207830
251.5692	0.61932969
251.6923	0.61581105
251.8154	0.62037838
251.9385	0.61643595
252.0615	0.62175691
252.1846	0.62137419
252.3077	0.61783051
252.4308	0.61085087
252.5538	0.61247629
252.6769	0.61535758
252.8000	0.60718691
252.9231	0.60557085
253.0462	0.60544997
253.1692	0.60420042
253.2923	0.59610009
253.4154	0.59192586
253.5385	0.59103900
253.6615	0.58597124
253.7846	0.58701390
253.9077	0.58451879
254.0308	0.57658082
254.1538	0.56728882
254.2769	0.56787735
254.4000	0.57155633
254.5231	0.56453729
254.6461	0.55983937
254.7692	0.55736905
254.8923	0.55427814
255.0154	0.54995513
255.1385	0.54957628
255.2615	0.55201089
255.3846	0.54648095
255.5077	0.54511672
255.6308	0.54578483
255.7538	0.54324222
255.8769	0.54160035
256.0000	0.54321742
256.1231	0.55030847
256.2462	0.54500306
256.3692	0.54585665
256.4923	0.54786426
256.6154	0.55064768
256.7385	0.55044460
256.8615	0.55486417
256.9846	0.56318021
257.1077	0.56076944
257.2308	0.56147051
257.3539	0.56508678
257.4769	0.57113546
257.6000	0.57397836
257.7231	0.57957608
257.8462	0.58494699
257.9692	0.58287597
258.0923	0.58329982
258.2154	0.59235835
258.3385	0.59690291
258.4615	0.59878504
258.5846	0.59872371
258.7077	0.60616922
258.8308	0.60348213
258.9539	0.60366648
259.0769	0.60877520
259.2000	0.61186433
259.3231	0.61202753
259.4462	0.60883504
259.5692	0.61386114
259.6923	0.60782391
259.8154	0.60732132
259.9385	0.60848540
260.0615	0.61089724
260.1846	0.60549265
260.3077	0.60142809
260.4308	0.60136980
260.5538	0.59595913
260.6769	0.59077352
260.8000	0.59341991
260.9231	0.59286046
261.0461	0.58576781
261.1692	0.57562447
261.2923	0.57621336
261.4154	0.57467484
261.5385	0.57095248
261.6615	0.56976455
261.7846	0.56471539
261.9077	0.56006616
262.0308	0.55436778
262.1538	0.55898297
262.2769	0.55567718
262.4000	0.55050981
262.5231	0.55145586
262.6461	0.55337942
262.7692	0.55182874
262.8923	0.54448801
263.0154	0.55003130
263.1385	0.55369604
263.2615	0.55517119
263.3846	0.55505860
263.5077	0.55653763
263.6308	0.55695522
263.7538	0.55803847
263.8769	0.56667030
264.0000	0.57295841
264.1231	0.57044351
264.2462	0.57255918
264.3692	0.57708395
264.4923	0.58303976
264.6154	0.58256853
264.7385	0.58974743
264.8615	0.59612310
264.9846	0.59406769
265.1077	0.59453219
265.2308	0.59791219
265.3539	0.60473388
265.4769	0.60255748
265.6000	0.60529047
265.7231	0.60838568
265.8462	0.60500759
265.9692	0.60380000
266.0923	0.60353780
266.2154	0.60718793
266.3385	0.60136276
266.4615	0.60197061
266.5846	0.60183442
266.7077	0.59544480
266.8308	0.58825022
266.9539	0.58814704
267.0769	0.59208918
267.2000	0.58583707
267.3231	0.57790101
267.4462	0.57542294
267.5692	0.57163340
267.6923	0.56839108
267.8154	0.56691152
267.9385	0.56698519
268.0615	0.56195956
268.1846	0.55447805
268.3077	0.55814236
268.4308	0.55434877
268.5538	0.55515832
268.6769	0.55150408
268.8000	0.55937970
268.9231	0.55458659
269.0461	0.55208874
269.1692	0.55439860
269.2923	0.56102401
269.4154	0.56243777
269.5385	0.56252074
269.6615	0.56778073
269.7846	0.57130516
269.9077	0.56981874
270.0308	0.57485116
270.1538	0.58113432
270.2769	0.58602816
270.4000	0.58705884
270.5231	0.59061211
270.6461	0.59358990
270.7692	0.59000456
270.8923	0.59785211
271.0154	0.60390794
271.1385	0.60694909
271.2615	0.59774971
271.3846	0.59874403
271.5077	0.60400349
271.6308	0.60350603
271.7538	0.60150510
271.8769	0.59941220
272.0000	0.59888589
272.1231	0.59342283
272.2462	0.59075892
272.3692	0.59130120
272.4923	0.58419800
272.6154	0.58192259
272.7385	0.58031052
272.8615	0.58044434
272.9846	0.56892788
273.1077	0.56330985
273.2308	0.56661636
273.3539	0.56794918
273.4769	0.56246251
273.6000	0.55742794
273.7231	0.55629295
273.8462	0.55625492
273.9692	0.55378383
274.0923	0.56037253
274.2154	0.55951732
274.3385	0.55860722
274.4615	0.55669403
274.5846	0.56308067
274.7077	0.56683928
274.8308	0.56544703
274.9539	0.57313579
275.0769	0.57686698
275.2000	0.57971966
275.3231	0.57629555
275.4462	0.58443874
275.5692	0.59083813
275.6923	0.59209412
275.8154	0.59360778
275.9385	0.59749711
276.0615	0.59824026
276.1846	0.59645939
276.3077	0.59827936
276.4308	0.60458213
276.5538	0.60082448
276.6769	0.59891510
276.8000	0.59751701
276.9231	0.59618407
277.0461	0.59102684
277.1692	0.58827740
277.2923	0.59368509
277.4154	0.58647394
277.5385	0.57939011
277.6615	0.57267702
277.7846	0.57526630
277.9077	0.57232165
278.0308	0.56755775
278.1538	0.56755078
278.2769	0.56259114
278.4000	0.55866581
278.5231	0.55628836
278.6461	0.56137860
278.7692	0.56083518
278.8923	0.55687475
279.0154	0.55933321
279.1385	0.56317681
279.2615	0.56249785
279.3846	0.56249565
279.5077	0.56769818
279.6308	0.57677925
279.7538	0.57465965
279.8769	0.57769191
280.0000	0.58023548
280.1231	0.58487642
280.2462	0.58686215
280.3692	0.59218693
280.4923	0.59964967
280.6154	0.59445822
280.7385	0.59333587
280.8615	0.59559518
280.9846	0.60236019
281.1077	0.60022128
281.2308	0.59659648
281.3539	0.59778023
281.4769	0.59335953
281.6000	0.58935487
281.7231	0.58774245
281.8462	0.58934790
281.9692	0.58477104
282.0923	0.57612032
282.2154	0.57576913
282.3385	0.57325852
282.4615	0.56823468
282.5846	0.56411618
282.7077	0.56555200
282.8308	0.56654716
282.9539	0.55888736
283.0769	0.55780530
283.2000	0.55926263
283.3231	0.56082857
283.4462	0.56197333
283.5692	0.56400430
283.6923	0.56992036
283.8154	0.56409931
283.9385	0.56774056
284.0615	0.57372773
284.1846	0.58340645
284.3077	0.58215600
284.4308	0.58214647
284.5538	0.58785474
284.6769	0.59022856
284.8000	0.59164691
284.9231	0.59509444
285.0461	0.59979653
285.1692	0.59860682
285.2923	0.59365910
285.4154	0.59600025
285.5385	0.59707952
285.6615	0.59301096
285.7846	0.59147286
285.9077	0.58995408
286.0308	0.58985770
286.1538	0.57756454
286.2769	0.57734746
286.4000	0.57593215
286.5231	0.57575274
286.6461	0.56866151
286.7692	0.56591594
286.8923	0.56622672
287.0154	0.56006712
287.1385	0.55909634
287.2615	0.56204355
287.3846	0.56607854
287.5077	0.56277949
287.6308	0.55994916
287.7538	0.56516415
287.8769	0.56891489
288.0000	0.57109958
288.1231	0.57615983
288.2462	0.58026671
288.3692	0.58223838
288.4923	0.57895219
288.6154	0.58776742
288.7385	0.59398049
288.8615	0.59489620
288.9846	0.59285724
289.1077	0.59439284
289.2308	0.59900129
289.3539	0.59335494
289.4769	0.59366786
289.6000	0.59442019
289.7231	0.59431326
289.8462	0.58848572
289.9692	0.58324087
290.0923	0.58350450
290.2154	0.57714039
290.3385	0.57430774
290.4615	0.57426035
290.5846	0.57358640
290.7077	0.56610239
290.8308	0.55802107
290.9539	0.56264830
291.0769	0.56621242
291.2000	0.56468284
291.3231	0.56143868
291.4462	0.56247455
291.5692	0.56629056
291.6923	0.56609696
291.8154	0.57136440
291.9385	0.57791156
292.0615	0.57814264
292.1846	0.57977140
292.3077	0.58110899
292.4308	0.59161097
292.5538	0.58833975
292.6769	0.59182197
292.8000	0.59428287
292.9231	0.59931809
293.0461	0.59416395
293.1692	0.58979344
293.2923	0.59339863
293.4154	0.59476709
293.5385	0.59067285
293.6615	0.58600819
293.7846	0.58308250
293.9077	0.57961994
294.0308	0.57306433
294.1538	0.57339728
294.2769	0.57508701
294.4000	0.56834918
294.5231	0.56335026
294.6461	0.55958700
294.7692	0.56664163
294.8923	0.56232619
295.0154	0.56432033
295.1385	0.56568819
295.2615	0.56912434
295.3846	0.56757659
295.5077	0.56836003
295.6308	0.57802534
295.7538	0.58267325
295.8769	0.58259803
296.0000	0.58392704
296.1231	0.58830941
296.2462	0.59250331
296.3692	0.58989555
296.4923	0.59447372
296.6154	0.59753966
296.7385	0.59538889
296.8615	0.59037066
296.9846	0.58862507
297.1077	0.59102345
297.2308	0.58600545
297.3539	0.58195466
297.4769	0.58190405
297.6000	0.57726598
297.7231	0.57133979
297.8462	0.56386030
297.9692	0.57033044
298.0923	0.56956077
298.2154	0.56538898
298.3385	0.56065446
298.4615	0.56191236
298.5846	0.56649989
298.7077	0.56556857
298.8308	0.57106519
298.9539	0.57403457
299.0769	0.57484889
299.2000	0.57476461
299.3231	0.58047092
299.4462	0.58897275
299.5692	0.58892560
299.6923	0.58775222
299.8154	0.59284091
299.9385	0.59519947
300.0615	0.59392548
300.1846	0.58796507
300.3077	0.59321821
300.4308	0.59448797
300.5538	0.58894467
300.6769	0.58269280
300.8000	0.57834947
300.9231	0.57988101
301.0461	0.57359064
301.1692	0.57398343
301.2923	0.57134092
301.4154	0.56652158
301.5385	0.56126279
301.6615	0.56157327
301.7846	0.56940407
301.9077	0.56768876
302.0308	0.56531316
302.1538	0.56659460
302.2769	0.57272893
302.4000	0.57543743
302.5231	0.57603753
302.6461	0.58206010
302.7692	0.58908194
302.8923	0.58670908
303.0154	0.58776927
303.1385	0.58873898
303.2615	0.59715259
303.3846	0.59252506
303.5077	0.59219182
303.6308	0.59183884
303.7538	0.59000164
303.8769	0.58500856
304.0000	0.57910937
304.1231	0.58332610
304.2462	0.57950646
304.3692	0.57379198
304.4923	0.56746417
304.6154	0.56748438
304.7385	0.56686425
304.8615	0.56446201
304.9846	0.56572497
305.1077	0.56953245
305.2308	0.56559849
305.3539	0.56563377
305.4769	0.56804442
305.6000	0.58033270
305.7231	0.58016145
305.8462	0.57977539
305.9692	0.58228874
306.0923	0.58799273
306.2154	0.59086388
306.3385	0.58894891
306.4615	0.59355861
306.5846	0.59582198
306.7077	0.59098685
306.8308	0.58767706
306.9539	0.58543837
307.0769	0.58920610
307.2000	0.58133042
307.3231	0.57865393
307.4462	0.57574534
307.5692	0.57358354
307.6923	0.56740493
307.8154	0.56411731
307.9385	0.56852895
308.0615	0.56954157
308.1846	0.56506866
308.3077	0.56418735
308.4308	0.56713790
308.5538	0.57300085
308.6769	0.57369292
308.8000	0.57791513
308.9231	0.58445925
309.0461	0.58252025
309.1692	0.58430648
309.2923	0.58481437
309.4154	0.59761226
309.5385	0.59402472
309.6615	0.59086192
309.7846	0.58673376
309.9077	0.59063560
310.0308	0.58916283
310.1538	0.58315516
310.2769	0.58045107
310.4000	0.58038563
310.5231	0.57475036
310.6461	0.56989306
310.7692	0.56635427
310.8923	0.56966758
311.0154	0.56703013
311.1385	0.56534290
311.2615	0.56790984
311.3846	0.56801844
311.5077	0.56936938
311.6308	0.56867129
311.7538	0.57947987
311.8769	0.58474630
312.0000	0.58260310
312.1231	0.58126354
312.2462	0.58500761
312.3692	0.59514439
312.4923	0.59267491
312.6154	0.59122884
312.7385	0.58986568
312.8615	0.58976090
312.9846	0.58604223
313.1077	0.58189976
313.2308	0.58325994
313.3539	0.58106637
313.4769	0.57307118
313.6000	0.56925225
313.7231	0.56794560
313.8462	0.57038617
313.9692	0.56513822
314.0923	0.56560588
314.2154	0.56975001
314.3385	0.57020849
314.4615	0.56966960
314.5846	0.56941497
314.7077	0.58047986
314.8308	0.58497071
314.9539	0.58395183
315.0769	0.58432090
315.2000	0.58719653
315.3231	0.59322929
315.4462	0.58934081
315.5692	0.59140593
315.6923	0.59165180
315.8154	0.58935648
315.9385	0.58211792
316.0615	0.57811189
316.1846	0.58074808
316.3077	0.57923347
316.4308	0.57195181
316.5538	0.56843120
316.6769	0.56634772
316.8000	0.56804013
316.9231	0.56505144
317.0461	0.56840587
317.1692	0.57295513
317.2923	0.57104975
317.4154	0.57204080
317.5385	0.57344717
317.6615	0.58615261
317.7846	0.58597994
317.9077	0.58575922
318.0308	0.58633906
318.1538	0.59212637
318.2769	0.59299958
318.4000	0.58688974
318.5231	0.58676696
318.6461	0.59022975
318.7692	0.58744997
318.8923	0.57943058
319.0154	0.57202601
319.1385	0.57444590
319.2615	0.57459468
319.3846	0.57038951
319.5077	0.56828326
319.6308	0.56492728
319.7538	0.56741017
319.8769	0.56555784
320.0000	0.57287657
320.1231	0.57731915
320.2462	0.57690912
320.3692	0.57675833
320.4923	0.57924831
320.6154	0.59018409
320.7385	0.58991802
320.8615	0.58876193
320.9846	0.58861929
321.1077	0.59203613
321.2308	0.59031856
321.3539	0.58338797
321.4769	0.58193386
321.6000	0.58497113
321.7231	0.58011270
321.8462	0.57368946
321.9692	0.56646919
322.0923	0.57099259
322.2154	0.56956184
322.3385	0.56750083
322.4615	0.56761968
322.5846	0.56982893
322.7077	0.57275528
322.8308	0.57002646
322.9539	0.57573533
323.0769	0.58426893
323.2000	0.58699912
323.3231	0.58600324
323.4462	0.58273286
323.5692	0.59087962
323.6923	0.59164631
323.8154	0.59105051
323.9385	0.58718562
324.0615	0.58595061
324.1846	0.58292538
324.3077	0.57664889
324.4308	0.57486081
324.5538	0.57655269
324.6769	0.57248783
324.8000	0.56788939
324.9231	0.56360126
325.0461	0.56922340
325.1692	0.57099187
325.2923	0.56944418
325.4154	0.57329369
325.5385	0.57650298
325.6615	0.58367449
325.7846	0.57826704
325.9077	0.58368009
326.0308	0.58891243
326.1538	0.59458208
326.2769	0.58997160
326.4000	0.58503348
326.5231	0.58664536
326.6461	0.58769429
326.7692	0.58310843
326.8923	0.57942402
327.0154	0.57638574
327.1385	0.57556033
327.2615	0.56802422
327.3846	0.56518871
327.5077	0.57013553
327.6308	0.57181007
327.7538	0.57192522
327.8769	0.56517911
328.0000	0.57288295
328.1231	0.57848054
328.2462	0.58306658
328.3692	0.58295387
328.4923	0.58476788
328.6154	0.59005952
328.7385	0.58832884
328.8615	0.58748704
328.9846	0.58886302
329.1077	0.58933198
329.2308	0.58649033
329.3539	0.57799095
329.4769	0.57709855
329.6000	0.57601160
329.7231	0.57245666
329.8462	0.56930816
329.9692	0.56814915
330.0923	0.57188427
330.2154	0.56827444
330.3385	0.56591290
330.4615	0.57186007
330.5846	0.57946819
330.7077	0.58497506
330.8308	0.57843000
330.9539	0.58093804
331.0769	0.58726567
331.2000	0.59238392
331.3231	0.59161365
331.4462	0.58575124
331.5692	0.58812869
331.6923	0.58404136
331.8154	0.58126050
331.9385	0.57688683
332.0615	0.57743347
332.1846	0.57531762
332.3077	0.56908441
332.4308	0.56504852
332.5538	0.56939614
332.6769	0.57035941
332.8000	0.57282776
332.9231	0.56974494
333.0461	0.57804078
333.1692	0.58076668
333.2923	0.58130407
333.4154	0.58245271
333.5385	0.58686227
333.6615	0.59528077
333.7846	0.58933204
333.9077	0.58476353
334.0308	0.58245546
334.1538	0.58628815
334.2769	0.58502203
334.4000	0.57687342
334.5231	0.57288533
334.6461	0.57193255
334.7692	0.56984276
334.8923	0.56819803
335.0154	0.56741858
335.1385	0.57358503
335.2615	0.57353133
335.3846	0.57150704
335.5077	0.57465965
335.6308	0.58054489
335.7538	0.58951873
335.8769	0.58556879
336.0000	0.58667916
336.1231	0.58736837
336.2462	0.58957762
336.3692	0.58768994
336.4923	0.58264589
336.6154	0.58438087
336.7385	0.58068550
336.8615	0.57520628
336.9846	0.56928927
337.1077	0.56938684
337.2308	0.57309294
337.3539	0.57044584
337.4769	0.56779540
337.6000	0.57035208
337.7231	0.57402277
337.8462	0.57867533
337.9692	0.57720411
338.0923	0.58436626
338.2154	0.58917791
338.3385	0.58872110
338.4615	0.58514869
338.5846	0.58323246
338.7077	0.59159189
338.8308	0.58942270
338.9539	0.58235753
339.0769	0.57391614
339.2000	0.57323182
339.3231	0.57686007
339.4462	0.57177371
339.5692	0.56897867
339.6923	0.56788570
339.8154	0.57096428
339.9385	0.57211584
340.0615	0.57168645
340.1846	0.57787144
340.3077	0.58369929
340.4308	0.58473343
340.5538	0.58456343
340.6769	0.58434749
340.8000	0.59107375
340.9231	0.58898735
341.0461	0.58581334
341.1692	0.58374643
341.2923	0.58155847
341.4154	0.58062381
341.5385	0.56967121
341.6615	0.57154649
341.7846	0.57170349
341.9077	0.57530010
342.0308	0.56779307
342.1538	0.56537938
342.2769	0.57093269
342.4000	0.58106530
342.5231	0.58178979
342.6461	0.58148932
342.7692	0.57987583
342.8923	0.58905834
343.0154	0.58856761
343.1385	0.58868569
343.2615	0.58622748
343.3846	0.58587164
343.5077	0.58460397
343.6308	0.57548940
343.7538	0.57465440
343.8769	0.57340926
344.0000	0.57464021
344.1231	0.57012284
344.2462	0.56634223
344.3692	0.57005578
344.4923	0.57343394
344.6154	0.57583058
344.7385	0.57805550
344.8615	0.58110714
344.9846	0.58755565
345.1077	0.58463013
345.2308	0.58543217
345.3539	0.58684319
345.4769	0.59081185
345.6000	0.58836424
345.7231	0.57946497
345.8462	0.57590979
345.9692	0.57669044
346.0923	0.57519567
346.2154	0.57326901
346.3385	0.56652910
346.4615	0.57209617
346.5846	0.56948459
346.7077	0.57271987
346.8308	0.57248265
346.9539	0.58081114
347.0769	0.58609545
347.2000	0.58396947
347.3231	0.58163786
347.4462	0.58561170
347.5692	0.59146661
347.6923	0.59177595
347.8154	0.58154070
347.9385	0.57821572
348.0615	0.57878435
348.1846	0.57840979
348.3077	0.57382220
348.4308	0.56640267
348.5538	0.57172567
348.6769	0.57215351
348.8000	0.57257140
348.9231	0.56922084
349.0461	0.57382488
349.1692	0.58473867
349.2923	0.58562481
349.4154	0.58456838
349.5385	0.58160877
349.6615	0.58757216
349.7846	0.59085304
349.9077	0.58701754
350.0308	0.58211839
350.1538	0.57952082
350.2769	0.57711357
350.4000	0.57457530
350.5231	0.56873119
350.6461	0.57275993
350.7692	0.57228816
350.8923	0.57173485
351.0154	0.56886035
351.1385	0.57155907
351.2615	0.58283806
351.3846	0.58436304
351.5077	0.58513755
351.6308	0.58155411
351.7538	0.58671892
351.8769	0.59032905
352.0000	0.58690977
352.1231	0.58291399
352.2462	0.58011150
352.3692	0.57963312
352.4923	0.57625175
352.6154	0.56882596
352.7385	0.56990671
352.8615	0.57154608
352.9846	0.57429743
353.1077	0.57200623
353.2308	0.57061368
353.3539	0.57779455
353.4769	0.58228636
353.6000	0.58666480
353.7231	0.58596337
353.8462	0.58572209
353.9692	0.58819783
354.0923	0.58355975
354.2154	0.58494842
354.3385	0.58145529
354.4615	0.58161318
354.5846	0.57457167
354.7077	0.56828785
354.8308	0.56908208
354.9539	0.57283622
355.0769	0.57479507
355.2000	0.57226777
355.3231	0.57052040
355.4462	0.57826960
355.5692	0.58342689
355.6923	0.58579242
355.8154	0.58490247
355.9385	0.58516759
356.0615	0.59096074
356.1846	0.58481961
356.3077	0.58238029
356.4308	0.57686770
356.5538	0.58064765
356.6769	0.57870668
356.8000	0.57050490
356.9231	0.56657553
357.0461	0.56814873
357.1692	0.57572585
357.2923	0.57665920
357.4154	0.57379657
357.5385	0.57664508
357.6615	0.58257222
357.7846	0.58699757
357.9077	0.58682859
358.0308	0.58408153
358.1538	0.58957958
358.2769	0.58599454
358.4000	0.58246017
358.5231	0.57401353
358.6461	0.57519859
358.7692	0.57912457
358.8923	0.57377601
359.0154	0.56836563
359.1385	0.56430256
359.2615	0.57348406
359.3846	0.58027703
359.5077	0.57950377
359.6308	0.57784086
359.7538	0.58026814
359.8769	0.58771127
360.0000	0.59028196
360.1231	0.58482581
360.2462	0.58462811
360.3692	0.58311462
360.4923	0.58372355
360.6154	0.57615101
360.7385	0.57029903
360.8615	0.57241201
360.9846	0.57338583
361.1077	0.57417798
361.2308	0.56918502
361.3539	0.57016349
361.4769	0.57823807
361.6000	0.58169007
361.7231	0.58613306
361.8462	0.58267999
361.9692	0.58662254
362.0923	0.58646178
362.2154	0.58536333
362.3385	0.58347392
362.4615	0.58190340
362.5846	0.57985640
362.7077	0.57469112
362.8308	0.56778800
362.9539	0.57044154
363.0769	0.57304657
363.2000	0.57619345
363.3231	0.57320225
363.4462	0.57125688
363.5692	0.58060098
363.6923	0.58394194
363.8154	0.59008455
363.9385	0.58285582
364.0615	0.58584017
364.1846	0.58582729
364.3077	0.58590329
364.4308	0.57939559
364.5538	0.57550514
364.6769	0.57480049
364.8000	0.57709992
364.9231	0.56987172
365.0461	0.56854844
365.1692	0.56806833
365.2923	0.57822847
365.4154	0.58166444
365.5385	0.57922792
365.6615	0.57968831
365.7846	0.58238041
365.9077	0.59041595
366.0308	0.58915281
366.1538	0.58389449
366.2769	0.58182395
366.4000	0.57873380
366.5231	0.57930553
366.6461	0.57240742
366.7692	0.57135046
366.8923	0.57254976
367.0154	0.57313472
367.1385	0.57251614
367.2615	0.57102054
367.3846	0.57701790
367.5077	0.58570695
367.6308	0.58653378
367.7538	0.58497638
367.8769	0.58117402
368.0000	0.58577543
368.1231	0.58878827
368.2462	0.58290833
368.3692	0.57825047
368.4923	0.57133716
368.6154	0.57557905
368.7385	0.57270920
368.8615	0.57064641
368.9846	0.57021666
369.1077	0.57382995
369.2308	0.58025450
369.3539	0.57948637
369.4769	0.57892537
369.6000	0.58341825
369.7231	0.58866656
369.8462	0.59135377
369.9692	0.58397365
370.0923	0.57795411
370.2154	0.57902396
370.3385	0.57899559
370.4615	0.57912546
370.5846	0.57016456
370.7077	0.56843889
370.8308	0.57097638
370.9539	0.57371819
371.0769	0.57842219
371.2000	0.57627904
371.3231	0.58310401
371.4462	0.58397424
371.5692	0.58616626
371.6923	0.58438748
371.8154	0.58499730
371.9385	0.58605897
372.0615	0.58371627
372.1846	0.57515919
372.3077	0.57272893
372.4308	0.57049620
372.5538	0.57601696
372.6769	0.57307398
372.8000	0.57102346
372.9231	0.57311559
373.0461	0.57683986
373.1692	0.58499205
373.2923	0.58295047
373.4154	0.58492744
373.5385	0.58592170
373.6615	0.58711284
373.7846	0.58501267
373.9077	0.57781518
374.0308	0.57668114
374.1538	0.57787389
374.2769	0.57599306
374.4000	0.57161731
374.5231	0.56568837
374.6461	0.57108283
374.7692	0.57928950
374.8923	0.58203161
375.0154	0.58113372
375.1385	0.57698262
375.2615	0.58473313
375.3846	0.58959347
375.5077	0.58912021
375.6308	0.58324856
375.7538	0.57601637
375.8769	0.57877898
376.0000	0.57672375
376.1231	0.57407498
376.2462	0.56999558
376.3692	0.56969172
376.4923	0.57613099
376.6154	0.57617944
376.7385	0.57702661
376.8615	0.57834190
376.9846	0.58471543
377.1077	0.59015173
377.2308	0.58748138
377.3539	0.58084315
377.4769	0.58094603
377.6000	0.57994413
377.7231	0.58432448
377.8462	0.57308704
377.9692	0.57099152
378.0923	0.56748205
378.2154	0.57394195
378.3385	0.57671636
378.4615	0.57576722
378.5846	0.57785088
378.7077	0.58166862
378.8308	0.58573371
378.9539	0.58644724
379.0769	0.58334422
379.2000	0.58482391
379.3231	0.58518499
379.4462	0.58024347
379.5692	0.57514679
379.6923	0.56798780
379.8154	0.57463503
379.9385	0.57507789
380.0615	0.57553411
380.1846	0.57089716
380.3077	0.57222998
380.4308	0.58253497
380.5538	0.58761930
380.6769	0.58732837
380.8000	0.58263838
380.9231	0.58112019
381.0461	0.58638036
381.1692	0.58317810
381.2923	0.57846361
381.4154	0.57173908
381.5385	0.57193148
381.6615	0.57517672
381.7846	0.57283843
381.9077	0.57079810
382.0308	0.57401800
382.1538	0.58020484
382.2769	0.58842760
382.4000	0.58234543
382.5231	0.58204859
382.6461	0.58184093
382.7692	0.58848095
382.8923	0.58801222
383.0154	0.57724017
383.1385	0.57120085
383.2615	0.57000595
383.3846	0.57615763
383.5077	0.57696265
383.6308	0.57161438
383.7538	0.57134354
383.8769	0.57632154
384.0000	0.58381778
384.1231	0.58726555
384.2462	0.58290303
384.3692	0.58475113
384.4923	0.58453107
384.6154	0.58465934
384.7385	0.58023655
384.8615	0.57278520
384.9846	0.57568824
385.1077	0.57327008
385.2308	0.57523793
385.3539	0.56965184
385.4769	0.57148439
385.6000	0.57818580
385.7231	0.58446777
385.8462	0.58558851
385.9692	0.58300579
386.0923	0.58094233
386.2154	0.58626008
386.3385	0.58534163
386.4615	0.58277136
386.5846	0.57544696
386.7077	0.57086706
386.8308	0.57399195
386.9539	0.57200485
387.0769	0.57507253
387.2000	0.57292908
387.3231	0.57716238
387.4462	0.58161378
387.5692	0.58247113
387.6923	0.58477598
387.8154	0.58432841
387.9385	0.58649176
388.0615	0.58556324
388.1846	0.57877439
388.3077	0.57470417
388.4308	0.57242793
388.5538	0.57474595
388.6769	0.57650959
388.8000	0.57142568
388.9231	0.57222408
389.0461	0.57416910
389.1692	0.58306432
389.2923	0.58805233
389.4154	0.58431721
389.5385	0.58357918
389.6615	0.58075953
389.7846	0.58508700
389.9077	0.58278131
390.0308	0.57633662
390.1538	0.57254827
390.2769	0.57042587
390.4000	0.57451755
390.5231	0.57454503
390.6461	0.57345265
390.7692	0.57679987
390.8923	0.58179748
391.0154	0.58677596
391.1385	0.58601302
391.2615	0.58023608
391.3846	0.58366501
391.5077	0.58330512
391.6308	0.58517599
391.7538	0.57506579
391.8769	0.56773770
392.0000	0.57023722
392.1231	0.57481331
392.2462	0.58094531
392.3692	0.57471704
392.4923	0.57355320
392.6154	0.57849783
392.7385	0.58795089
392.8615	0.59067649
392.9846	0.58540034
393.1077	0.57721031
393.2308	0.58048236
393.3539	0.57921892
393.4769	0.58044767
393.6000	0.57070398
393.7231	0.56894255
393.8462	0.57317430
393.9692	0.57665205
394.0923	0.57989597
394.2154	0.57626879
394.3385	0.58087283
394.4615	0.58709109
394.5846	0.58886194
394.7077	0.58503568
394.8308	0.57738304
394.9539	0.57690620
395.0769	0.58080435
395.2000	0.57791555
395.3231	0.57347059
395.4462	0.56613892
395.5692	0.57066613
395.6923	0.57952350
395.8154	0.58302402
395.9385	0.58334059
396.0615	0.57833916
396.1846	0.58215117
396.3077	0.58755708
396.4308	0.58670068
396.5538	0.58350694
396.6769	0.57314551
396.8000	0.57365984
396.9231	0.57359636
397.0461	0.57513243
397.1692	0.57401150
397.2923	0.57249266
397.4154	0.57638490
397.5385	0.58220100
397.6615	0.58381099
397.7846	0.58542961
397.9077	0.58235770
398.0308	0.58458996
398.1538	0.58464438
398.2769	0.57878911
398.4000	0.57597321
398.5231	0.56859010
398.6461	0.57508528
398.7692	0.57498431
398.8923	0.57701570
399.0154	0.57385528
399.1385	0.57540143
399.2615	0.58255309
399.3846	0.58956897
399.5077	0.58744693
399.6308	0.58329034
399.7538	0.57613295
399.8769	0.57975698
400.0000	0.58070254
400.1231	0.57728171
400.2462	0.57233042
400.3692	0.56658012
400.4923	0.57401526
400.6154	0.57867563
400.7385	0.58228624
400.8615	0.58162445
400.9846	0.57996058
401.1077	0.58573222
401.2308	0.58619601
401.3539	0.58430612
401.4769	0.57887536
401.6000	0.57461256
401.7231	0.57625431
401.8462	0.57495785
401.9692	0.57194161
402.0923	0.57184088
402.2154	0.57343674
402.3385	0.58276027
402.4615	0.58443934
402.5846	0.58283865
402.7077	0.58186918
402.8308	0.58120632
402.9539	0.58797157
403.0769	0.58298022
403.2000	0.57740879
403.3231	0.56998456
403.4462	0.56977141
403.5692	0.57608199
403.6923	0.57763112
403.8154	0.57652295
403.9385	0.57574826
404.0615	0.57791770
404.1846	0.58632261
404.3077	0.58797526
404.4308	0.58555144
404.5538	0.58150941
404.6769	0.57630843
404.8000	0.57880384
404.9231	0.57521260
405.0461	0.57440901
405.1692	0.57254130
405.2923	0.57160813
405.4154	0.57771218
405.5385	0.57825196
405.6615	0.58359462
405.7846	0.58343619
405.9077	0.58478081
406.0308	0.58479375
406.1538	0.58276325
406.2769	0.57886410
406.4000	0.57700104
406.5231	0.57226098
406.6461	0.57543039
406.7692	0.57302982
406.8923	0.57490915
407.0154	0.57541543
407.1385	0.57665598
407.2615	0.58528876
407.3846	0.58565742
407.5077	0.58771610
407.6308	0.58051699
407.7538	0.57823348
407.8769	0.57931149
408.0000	0.58039510
408.1231	0.57655025
408.2462	0.57120991
408.3692	0.56650269
408.4923	0.57566178
408.6154	0.58082569
408.7385	0.58577764
408.8615	0.58125216
408.9846	0.57855237
409.1077	0.58389407
409.2308	0.58640844
409.3539	0.58560121
409.4769	0.57741189
409.6000	0.56975567
409.7231	0.57320637
409.8462	0.57405502
409.9692	0.57797486
410.0923	0.57461733
410.2154	0.57544708
410.3385	0.58130479
410.4615	0.58535492
410.5846	0.58678710
410.7077	0.58342856
410.8308	0.57949847
410.9539	0.58101404
411.0769	0.57843649
411.2000	0.57551336
411.3231	0.57212269
411.4462	0.56888580
411.5692	0.57729769
411.6923	0.57740778
411.8154	0.58380830
411.9385	0.57937348
412.0615	0.58171785
412.1846	0.58391500
412.3077	0.58693951
412.4308	0.58406097
412.5538	0.57838672
412.6769	0.56990635
412.8000	0.57285166
412.9231	0.57418072
413.0461	0.57910454
413.1692	0.57669300
413.2923	0.57327509
413.4154	0.57870585
413.5385	0.58356923
413.6615	0.59092981
413.7846	0.58666217
413.9077	0.57837105
414.0308	0.57585394
414.1538	0.57511407
414.2769	0.57988453
414.4000	0.57633704
414.5231	0.57124645
414.6461	0.57069141
414.7692	0.57527459
414.8923	0.58341867
415.0154	0.58740771
415.1385	0.58272523
415.2615	0.58266985
415.3846	0.57947069
415.5077	0.58338428
415.6308	0.58087796
415.7538	0.57478940
415.8769	0.57213974
416.0000	0.56965733
416.1231	0.57617676
416.2462	0.57902157
416.3692	0.57939273
416.4923	0.58067209
416.6154	0.58109295
416.7385	0.58655089
416.8615	0.58676612
416.9846	0.58118498
417.1077	0.57631576
417.2308	0.57275003
417.3539	0.57577467
417.4769	0.57788080
417.6000	0.57292867
417.7231	0.57346737
417.8462	0.57357556
417.9692	0.58439279
418.0923	0.58904916
418.2154	0.58521318
418.3385	0.58098352
418.4615	0.57561576
418.5846	0.58153701
418.7077	0.58146507
418.8308	0.57733446
418.9539	0.56969845
419.0769	0.56831807
419.2000	0.57381600
419.3231	0.58455998
419.4462	0.58319354
419.5692	0.58435023
419.6923	0.57742584
419.8154	0.58253998
419.9385	0.58488584
420.0615	0.58371413
420.1846	0.57895362
420.3077	0.56992060
420.4308	0.56973135
420.5538	0.57390702
420.6769	0.57831860
420.8000	0.58186829
420.9231	0.57858467
421.0461	0.57935256
421.1692	0.58302301
421.2923	0.58570600
421.4154	0.58693480
421.5385	0.57983476
421.6615	0.57355666
421.7846	0.57318342
421.9077	0.57219303
422.0308	0.57845926
422.1538	0.57494354
422.2769	0.57711697
422.4000	0.57818896
422.5231	0.58213615
422.6461	0.58689082
422.7692	0.58531308
422.8923	0.58197492
423.0154	0.57885468
423.1385	0.57481807
423.2615	0.57650560
423.3846	0.57426256
423.5077	0.57382059
423.6308	0.57464433
423.7538	0.57541031
423.8769	0.58222795
424.0000	0.58462399
424.1231	0.58445394
424.2462	0.58387864
424.3692	0.57851821
424.4923	0.58208036
424.6154	0.57771635
424.7385	0.57620108
424.8615	0.57142341
424.9846	0.57052737
425.1077	0.57627183
425.2308	0.58118081
425.3539	0.58264440
425.4769	0.58223706
425.6000	0.57996559
425.7231	0.58352941
425.8462	0.58564103
425.9692	0.58079278
426.0923	0.57791001
426.2154	0.56774503
426.3385	0.57349467
426.4615	0.57402200
426.5846	0.58091259
426.7077	0.57978642
426.8308	0.57869351
426.9539	0.57925844
427.0769	0.58460546
427.2000	0.58608162
427.3231	0.58713353
427.4462	0.57611907
427.5692	0.57194453
427.6923	0.57027125
427.8154	0.57539374
427.9385	0.58112407
428.0615	0.57743341
428.1846	0.57538450
428.3077	0.57679844
428.4308	0.58298934
428.5538	0.59181702
428.6769	0.58573246
428.8000	0.57925296
428.9231	0.57123268
429.0461	0.57262385
429.1692	0.57857573
429.2923	0.57823932
429.4154	0.57528907
429.5385	0.57295740
429.6615	0.57528478
429.7846	0.58508468
429.9077	0.58830494
430.0308	0.58644485
430.1538	0.58126682
430.2769	0.57354206
430.4000	0.57735556
430.5231	0.57553762
430.6461	0.57834107
430.7692	0.57449973
430.8923	0.57201070
431.0154	0.57586944
431.1385	0.58071691
431.2615	0.58688718
431.3846	0.58745354
431.5077	0.58185112
431.6308	0.57853889
431.7538	0.57652098
431.8769	0.57636982
432.0000	0.57897508
432.1231	0.57307231
432.2462	0.57450670
432.3692	0.57228512
432.4923	0.57865238
432.6154	0.58548611
432.7385	0.58625013
432.8615	0.58570236
432.9846	0.57847100
433.1077	0.57679349
433.2308	0.57855088
433.3539	0.57869971
433.4769	0.57642227
433.6000	0.57163292
433.7231	0.56964713
433.8462	0.57902181
433.9692	0.58363986
434.0923	0.58804411
434.2154	0.58251387
434.3385	0.57802945
434.4615	0.58109254
434.5846	0.58027077
434.7077	0.58062655
434.8308	0.57347554
434.9539	0.56972146
435.0769	0.57357633
435.2000	0.57739651
435.3231	0.58270520
435.4462	0.58326942
435.5692	0.58174378
435.6923	0.58324975
435.8154	0.58148390
435.9385	0.58055568
436.0615	0.57947999
436.1846	0.57383019
436.3077	0.57452905
436.4308	0.57069612
436.5538	0.57553989
436.6769	0.58083719
436.8000	0.58280957
436.9231	0.58459306
437.0461	0.58012694
437.1692	0.58140773
437.2923	0.58302951
437.4154	0.58056927
437.5385	0.57663071
437.6615	0.57082653
437.7846	0.57086289
437.9077	0.57727849
438.0308	0.57927322
438.1538	0.58205962
438.2769	0.58139837
438.4000	0.58092040
438.5231	0.58569860
438.6461	0.58040565
438.7692	0.58209026
438.8923	0.57488710
439.0154	0.57473642
439.1385	0.57230401
439.2615	0.57353318
439.3846	0.57670653
439.5077	0.58313155
439.6308	0.58226508
439.7538	0.58392602
439.8769	0.57884729
440.0000	0.58229655
440.1231	0.58357078
440.2462	0.57899857
440.3692	0.57489413
440.4923	0.56773275
440.6154	0.57319701
440.7385	0.57955593
440.8615	0.58246183
440.9846	0.58243489
441.1077	0.57901937
441.2308	0.58107567
441.3539	0.58516967
441.4769	0.58246017
441.6000	0.57987779
441.7231	0.57237595
441.8462	0.57126653
441.9692	0.57420862
442.0923	0.57643515
442.2154	0.58103359
442.3385	0.58221519
442.4615	0.58085436
442.5846	0.58389235
442.7077	0.57973027
442.8308	0.58425814
442.9539	0.57879531
443.0769	0.57653987
443.2000	0.57197678
443.3231	0.57143515
443.4462	0.57526016
443.5692	0.58119518
443.6923	0.58176160
443.8154	0.58434206
443.9385	0.58055604
444.0615	0.58145303
444.1846	0.58206236
444.3077	0.57872176
444.4308	0.57950705
444.5538	0.57190961
444.6769	0.57231188
444.8000	0.57306778
444.9231	0.57820863
445.0461	0.58499384
445.1692	0.58459663
445.2923	0.58190072
445.4154	0.57985890
445.5385	0.57888675
445.6615	0.58188915
445.7846	0.57941383
445.9077	0.57295012
446.0308	0.57223153
446.1538	0.57075298
446.2769	0.58066636
446.4000	0.58306581
446.5231	0.58427769
446.6461	0.58337623
446.7692	0.57968563
446.8923	0.58091551
447.0154	0.57900220
447.1385	0.57667947
447.2615	0.57610160
447.3846	0.57297981
447.5077	0.57412714
447.6308	0.57686293
447.7538	0.57968730
447.8769	0.58633828
448.0000	0.58506465
448.1231	0.58255816
448.2462	0.57921863
448.3692	0.57440466
448.4923	0.57827497
448.6154	0.57561934
448.7385	0.57623380
448.8615	0.57475626
448.9846	0.57443464
449.1077	0.58052516
449.2308	0.58409721
449.3539	0.58637857
449.4769	0.58482885
449.6000	0.57819927
449.7231	0.57516557
449.8462	0.57470196
449.9692	0.57443970
450.0923	0.57922244
450.2154	0.57504255
450.3385	0.57760704
450.4615	0.57812214
450.5846	0.58190006
450.7077	0.58743405
450.8308	0.58389103
450.9539	0.58134514
451.0769	0.57487863
451.2000	0.57235461
451.3231	0.57396400
451.4462	0.57659566
451.5692	0.57785761
451.6923	0.58141398
451.8154	0.57778698
451.9385	0.58250141
452.0615	0.58169466
452.1846	0.58417034
452.3077	0.58376420
452.4308	0.57628912
452.5538	0.57362175
452.6769	0.56972432
452.8000	0.57392102
452.9231	0.58037210
453.0461	0.58293849
453.1692	0.58302677
453.2923	0.58083355
453.4154	0.57799834
453.5385	0.58274204
453.6615	0.58156675
453.7846	0.58094776
453.9077	0.57485759
454.0308	0.56829083
454.1538	0.57241440
454.2769	0.57750565
454.4000	0.58563209
454.5231	0.58735812
454.6461	0.58053076
454.7692	0.57936734
454.8923	0.57687116
455.0154	0.58049637
455.1385	0.58038771
455.2615	0.57594907
455.3846	0.57269514
455.5077	0.57279646
455.6308	0.57478863
455.7538	0.58395237
455.8769	0.58499372
456.0000	0.58774740
456.1231	0.58233744
456.2462	0.57459974
456.3692	0.57454628
456.4923	0.57366788
456.6154	0.58077425
456.7385	0.57934165
456.8615	0.57494646
456.9846	0.57302922
457.1077	0.57768768
457.2308	0.58595580
457.3539	0.59187412
457.4769	0.58299774
457.6000	0.57574654
457.7231	0.56971067
457.8462	0.57193178
457.9692	0.58021593
458.0923	0.57822818
458.2154	0.58078140
458.3385	0.57618606
458.4615	0.57912892
458.5846	0.58230561
458.7077	0.58488202
458.8308	0.58393723
458.9539	0.58115613
459.0769	0.57176554
459.2000	0.57161689
459.3231	0.57033086
459.4462	0.57893872
459.5692	0.58452737
459.6923	0.58359343
459.8154	0.58160877
459.9385	0.57807052
460.0615	0.57870102
460.1846	0.58370245
460.3077	0.57907397
460.4308	0.57819927
460.5538	0.57052714
460.6769	0.57171565
460.8000	0.57628024
460.9231	0.58212489
461.0461	0.58584189
461.1692	0.58634633
461.2923	0.57983124
461.4154	0.57899296
461.5385	0.57457185
461.6615	0.57638657
461.7846	0.57830268
461.9077	0.57498920
462.0308	0.57799190
462.1538	0.57479930
462.2769	0.58033782
462.4000	0.58336306
462.5231	0.58518982
462.6461	0.58397454
462.7692	0.58015585
462.8923	0.57355303
463.0154	0.57369697
463.1385	0.57122469
463.2615	0.57733941
463.3846	0.58143550
463.5077	0.58210301
463.6308	0.58341193
463.7538	0.57818156
463.8769	0.57966995
464.0000	0.58188862
464.1231	0.58080137
464.2462	0.58020025
464.3692	0.57152814
464.4923	0.57032019
464.6154	0.57359803
464.7385	0.58111268
464.8615	0.58686781
464.9846	0.58767760
465.1077	0.57957208
465.2308	0.57921636
465.3539	0.57269597
465.4769	0.57836491
465.6000	0.57752699
465.7231	0.57803851
465.8462	0.57710385
465.9692	0.57448936
466.0923	0.57650900
466.2154	0.58289051
466.3385	0.58584744
466.4615	0.58893979
466.5846	0.57990837
466.7077	0.57203847
466.8308	0.56925613
466.9539	0.57230735
467.0769	0.58092588
467.2000	0.58441985
467.3231	0.57968122
467.4462	0.57975340
467.5692	0.57610500
467.6923	0.58348751
467.8154	0.58409303
467.9385	0.58101106
468.0615	0.57663047
468.1846	0.57041031
468.3077	0.57198679
468.4308	0.57631606
468.5538	0.58092129
468.6769	0.58533335
468.8000	0.58601338
468.9231	0.58066928
469.0461	0.58047295
469.1692	0.57262105
469.2923	0.57726246
469.4154	0.57596248
469.5385	0.57815045
469.6615	0.57835203
469.7846	0.57602280
469.9077	0.57828552
470.0308	0.58203852
470.1538	0.58422494
470.2769	0.58581197
470.4000	0.58045185
470.5231	0.57393432
470.6461	0.57275152
470.7692	0.57014060
470.8923	0.57802981
471.0154	0.58088624
471.1385	0.58414668
471.2615	0.58511609
471.3846	0.57948148
471.5077	0.57826185
471.6308	0.57696134
471.7538	0.57783723
471.8769	0.58122444
472.0000	0.57687587
472.1231	0.57355881
472.2462	0.57258576
472.3692	0.57611752
472.4923	0.58632511
472.6154	0.58986908
472.7385	0.58469123
472.8615	0.57858992
472.9846	0.56875771
473.1077	0.57282209
473.2308	0.57606798
473.3539	0.58008331
473.4769	0.58266151
473.6000	0.57839596
473.7231	0.57936621
473.8462	0.57939351
473.9692	0.58147317
474.0923	0.58331221
474.2154	0.58162248
474.3385	0.57494867
474.4615	0.57406765
474.5846	0.56884998
474.7077	0.57773346
474.8308	0.58116549
474.9539	0.58605075
475.0769	0.58657044
475.2000	0.58057415
475.3231	0.57776767
475.4462	0.57450342
475.5692	0.57363451
475.6923	0.57719457
475.8154	0.57843924
475.9385	0.57914984
476.0615	0.58040881
476.1846	0.57709932
476.3077	0.58142662
476.4308	0.58243454
476.5538	0.58269596
476.6769	0.58264750
476.8000	0.57417566
476.9231	0.57297736
477.0461	0.57058626
477.1692	0.57479572
477.2923	0.58290166
477.4154	0.58725089
477.5385	0.58679157
477.6615	0.58191991
477.7846	0.57253110
477.9077	0.57360363
478.0308	0.57618719
478.1538	0.58013326
478.2769	0.58187890
478.4000	0.57495648
478.5231	0.57540810
478.6461	0.57797939
478.7692	0.58256298
478.8923	0.58820605
479.0154	0.58241552
479.1385	0.57870245
479.2615	0.57271355
479.3846	0.57060456
479.5077	0.57362914
479.6308	0.57884467
479.7538	0.58223432
479.8769	0.58772880
480.0000	0.58196551
480.1231	0.58060950
480.2462	0.57593632
480.3692	0.57415259
480.4923	0.57847202
480.6154	0.57664055
480.7385	0.57943463
480.8615	0.57749569
480.9846	0.57700253
481.1077	0.57925427
481.2308	0.58230484
481.3539	0.58321750
481.4769	0.58532578
481.6000	0.57772183
481.7231	0.57455546
481.8462	0.57059813
481.9692	0.57052428
482.0923	0.57992184
482.2154	0.58342385
482.3385	0.58920205
482.4615	0.58479184
482.5846	0.57688367
482.7077	0.57310611
482.8308	0.57367474
482.9539	0.57801956
483.0769	0.58288515
483.2000	0.57783723
483.3231	0.57588911
483.4462	0.57594764
483.5692	0.57900643
483.6923	0.58667719
483.8154	0.58349764
483.9385	0.58120155
484.0615	0.57698822
484.1846	0.57237124
484.3077	0.57380623
484.4308	0.57310277
484.5538	0.57803196
484.6769	0.58551109
484.8000	0.58675694
484.9231	0.58509082
485.0461	0.57804364
485.1692	0.57198048
485.2923	0.57444334
485.4154	0.57609421
485.5385	0.57845199
485.6615	0.58202821
485.7846	0.57765245
485.9077	0.58229899
486.0308	0.57700670
486.1538	0.58012098
486.2769	0.58091491
486.4000	0.58321667
486.5231	0.57983005
486.6461	0.57557607
486.7692	0.56730670
486.8923	0.57387173
487.0154	0.57943088
487.1385	0.58803678
487.2615	0.58947808
487.3846	0.58071697
487.5077	0.57754612
487.6308	0.57182479
487.7538	0.57278681
487.8769	0.57626671
488.0000	0.57849801
488.1231	0.58214778
488.2462	0.58329499
488.3692	0.57927406
488.4923	0.58010769
488.6154	0.57801056
488.7385	0.57900572
488.8615	0.58046424
488.9846	0.57637316
489.1077	0.57739627
489.2308	0.57577139
489.3539	0.57464391
489.4769	0.57944798
489.6000	0.58038902
489.7231	0.58760059
489.8462	0.58662337
489.9692	0.57949084
490.0923	0.57151008
490.2154	0.56792665
490.3385	0.57156467
490.4615	0.58293819
490.5846	0.58469439
490.7077	0.58620912
490.8308	0.58196729
490.9539	0.57654089
491.0769	0.57790315
491.2000	0.57369542
491.3231	0.57734889
491.4462	0.57900542
491.5692	0.57951069
491.6923	0.57929462
491.8154	0.57717061
491.9385	0.57691741
492.0615	0.58293962
492.1846	0.58309454
492.3077	0.58245671
492.4308	0.57897305
492.5538	0.57228458
492.6769	0.57544571
492.8000	0.57270581
492.9231	0.57730681
493.0461	0.58207142
493.1692	0.58604294
493.2923	0.58866620
493.4154	0.58213830
493.5385	0.57190967
493.6615	0.56899953
493.7846	0.57124311
493.9077	0.57942569
494.0308	0.58670038
494.1538	0.58214498
494.2769	0.58224040
494.4000	0.57676601
494.5231	0.57751858
494.6461	0.57943702
494.7692	0.57756722
494.8923	0.57895535
495.0154	0.57803762
495.1385	0.57611620
495.2615	0.57775718
495.3846	0.57727605
495.5077	0.58003855
495.6308	0.58467770
495.7538	0.58272243
495.8769	0.58231562
496.0000	0.57674164
496.1231	0.57072955
496.2462	0.57287753
496.3692	0.57309771
496.4923	0.58212709
496.6154	0.58746397
496.7385	0.58682740
496.8615	0.58395386
496.9846	0.57497889
497.1077	0.57034802
497.2308	0.57193577
497.3539	0.57599252
497.4769	0.58162016
497.6000	0.58629853
497.7231	0.58006763
497.8462	0.58178335
497.9692	0.57465875
498.0923	0.57859701
498.2154	0.57919753
498.3385	0.57902730
498.4615	0.57820350
498.5846	0.57702887
498.7077	0.57576209
498.8308	0.57938886
498.9539	0.57884663
499.0769	0.58034325
499.2000	0.58406514
499.3231	0.58129597
499.4462	0.58293724
499.5692	0.57413244
499.6923	0.56977546
499.8154	0.57149839
499.9385	0.57700396
500.0615	0.58652455
500.1846	0.58998317
500.3077	0.58380175
500.4308	0.57924378
500.5538	0.57164538
500.6769	0.57090664
500.8000	0.57460463
500.9231	0.57748187
501.0461	0.58297908
501.1692	0.58586359
501.2923	0.58120811
501.4154	0.58188677
501.5385	0.57431430
501.6615	0.57626915
501.7846	0.57651329
501.9077	0.57761097
502.0308	0.58006841
502.1538	0.58039552
502.2769	0.57834947
502.4000	0.57921660
502.5231	0.57708901
502.6461	0.57921755
502.7692	0.58398145
502.8923	0.58042389
503.0154	0.58130527
503.1385	0.57252920
503.2615	0.57138783
503.3846	0.57479590
503.5077	0.57981968
503.6308	0.58655185
503.7538	0.58771187
503.8769	0.58202875
504.0000	0.57761103
