# TMM+ASM Intensity at z=40, theta=0.0 deg
# Wavelength: 520 nm, CG: 550um n=1.52
# AR: SiO2(34.6)/TiO2(25.9)/SiO2(20.7)/TiO2(169.5) nm
# Columns: x_um	intensity
# N_points: 4096
0.0000	0.65006995
0.1231	0.65006995
0.2462	0.65006995
0.3692	0.65006995
0.4923	0.65006995
0.6154	0.65006995
0.7385	0.65006995
0.8615	0.65006995
0.9846	0.65006995
1.1077	0.65006995
1.2308	0.65006995
1.3538	0.65006995
1.4769	0.65006995
1.6000	0.65006995
1.7231	0.65006995
1.8462	0.65006995
1.9692	0.65006995
2.0923	0.65006995
2.2154	0.65006995
2.3385	0.65006995
2.4615	0.65006995
2.5846	0.65006995
2.7077	0.65006995
2.8308	0.65006995
2.9538	0.65006995
3.0769	0.65006995
3.2000	0.65006995
3.3231	0.65006995
3.4462	0.65006995
3.5692	0.65006995
3.6923	0.65006995
3.8154	0.65006995
3.9385	0.65006995
4.0615	0.65006995
4.1846	0.65006995
4.3077	0.65006995
4.4308	0.65006995
4.5538	0.65006995
4.6769	0.65006995
4.8000	0.65006995
4.9231	0.65006995
5.0462	0.65006995
5.1692	0.65006995
5.2923	0.65006995
5.4154	0.65006995
5.5385	0.65006995
5.6615	0.65006995
5.7846	0.65006995
5.9077	0.65006995
6.0308	0.65006995
6.1538	0.65006995
6.2769	0.65006995
6.4000	0.65006995
6.5231	0.65006995
6.6462	0.65006995
6.7692	0.65006995
6.8923	0.65006995
7.0154	0.65006995
7.1385	0.65006995
7.2615	0.65006995
7.3846	0.65006995
7.5077	0.65006995
7.6308	0.65006995
7.7538	0.65006995
7.8769	0.65006995
8.0000	0.65006995
8.1231	0.65006995
8.2462	0.65006995
8.3692	0.65006995
8.4923	0.65006995
8.6154	0.65006995
8.7385	0.65006995
8.8615	0.65006995
8.9846	0.65006995
9.1077	0.65006995
9.2308	0.65006995
9.3538	0.65006995
9.4769	0.65006995
9.6000	0.65006995
9.7231	0.65006995
9.8462	0.65006995
9.9692	0.65006995
10.0923	0.65006995
10.2154	0.65006995
10.3385	0.65006995
10.4615	0.65006995
10.5846	0.65006995
10.7077	0.65006995
10.8308	0.65006995
10.9538	0.65006995
11.0769	0.65006995
11.2000	0.65006995
11.3231	0.65006995
11.4462	0.65006995
11.5692	0.65006995
11.6923	0.65006995
11.8154	0.65006995
11.9385	0.65006995
12.0615	0.65006995
12.1846	0.65006995
12.3077	0.65006995
12.4308	0.65006995
12.5538	0.65006995
12.6769	0.65006995
12.8000	0.65006995
12.9231	0.65006995
13.0462	0.65006995
13.1692	0.65006995
13.2923	0.65006995
13.4154	0.65006995
13.5385	0.65006995
13.6615	0.65006995
13.7846	0.65006995
13.9077	0.65006995
14.0308	0.65006995
14.1538	0.65006995
14.2769	0.65006995
14.4000	0.65006995
14.5231	0.65006995
14.6462	0.65006995
14.7692	0.65006995
14.8923	0.65006995
15.0154	0.65006995
15.1385	0.65006995
15.2615	0.65006995
15.3846	0.65006995
15.5077	0.65006995
15.6308	0.65006995
15.7538	0.65006995
15.8769	0.65006995
16.0000	0.65006995
16.1231	0.65006995
16.2462	0.65006995
16.3692	0.65006995
16.4923	0.65006995
16.6154	0.65006995
16.7385	0.65006995
16.8615	0.65006995
16.9846	0.65006995
17.1077	0.65006995
17.2308	0.65006995
17.3538	0.65006995
17.4769	0.65006995
17.6000	0.65006995
17.7231	0.65006995
17.8462	0.65006995
17.9692	0.65006995
18.0923	0.65006995
18.2154	0.65006995
18.3385	0.65006995
18.4615	0.65006995
18.5846	0.65006995
18.7077	0.65006995
18.8308	0.65006995
18.9538	0.65006995
19.0769	0.65006995
19.2000	0.65006995
19.3231	0.65006995
19.4462	0.65006995
19.5692	0.65006995
19.6923	0.65006995
19.8154	0.65006995
19.9385	0.65006995
20.0615	0.65006995
20.1846	0.65006995
20.3077	0.65006995
20.4308	0.65006995
20.5538	0.65006995
20.6769	0.65006995
20.8000	0.65006995
20.9231	0.65006995
21.0462	0.65006995
21.1692	0.65006995
21.2923	0.65006995
21.4154	0.65006995
21.5385	0.65006995
21.6615	0.65006995
21.7846	0.65006995
21.9077	0.65006995
22.0308	0.65006995
22.1538	0.65006995
22.2769	0.65006995
22.4000	0.65006995
22.5231	0.65006995
22.6462	0.65006995
22.7692	0.65006995
22.8923	0.65006995
23.0154	0.65006995
23.1385	0.65006995
23.2615	0.65006995
23.3846	0.65006995
23.5077	0.65006995
23.6308	0.65006995
23.7538	0.65006995
23.8769	0.65006995
24.0000	0.65006995
24.1231	0.65006995
24.2462	0.65006995
24.3692	0.65006995
24.4923	0.65006995
24.6154	0.65006995
24.7385	0.65006995
24.8615	0.65006995
24.9846	0.65006995
25.1077	0.65006995
25.2308	0.65006995
25.3538	0.65006995
25.4769	0.65006995
25.6000	0.65006995
25.7231	0.65006995
25.8462	0.65006995
25.9692	0.65006995
26.0923	0.65006995
26.2154	0.65006995
26.3385	0.65006995
26.4615	0.65006995
26.5846	0.65006995
26.7077	0.65006995
26.8308	0.65006995
26.9538	0.65006995
27.0769	0.65006995
27.2000	0.65006995
27.3231	0.65006995
27.4462	0.65006995
27.5692	0.65006995
27.6923	0.65006995
27.8154	0.65006995
27.9385	0.65006995
28.0615	0.65006995
28.1846	0.65006995
28.3077	0.65006995
28.4308	0.65006995
28.5538	0.65006995
28.6769	0.65006995
28.8000	0.65006995
28.9231	0.65006995
29.0462	0.65006995
29.1692	0.65006995
29.2923	0.65006995
29.4154	0.65006995
29.5385	0.65006995
29.6615	0.65006995
29.7846	0.65006995
29.9077	0.65006995
30.0308	0.65006995
30.1538	0.65006995
30.2769	0.65006995
30.4000	0.65006995
30.5231	0.65006995
30.6462	0.65006995
30.7692	0.65006995
30.8923	0.65006995
31.0154	0.65006995
31.1385	0.65006995
31.2615	0.65006995
31.3846	0.65006995
31.5077	0.65006995
31.6308	0.65006995
31.7538	0.65006995
31.8769	0.65006995
32.0000	0.65006995
32.1231	0.65006995
32.2462	0.65006995
32.3692	0.65006995
32.4923	0.65006995
32.6154	0.65006995
32.7385	0.65006995
32.8615	0.65006995
32.9846	0.65006995
33.1077	0.65006995
33.2308	0.65006995
33.3538	0.65006995
33.4769	0.65006995
33.6000	0.65006995
33.7231	0.65006995
33.8462	0.65006995
33.9692	0.65006995
34.0923	0.65006995
34.2154	0.65006995
34.3385	0.65006995
34.4615	0.65006995
34.5846	0.65006995
34.7077	0.65006995
34.8308	0.65006995
34.9538	0.65006995
35.0769	0.65006995
35.2000	0.65006995
35.3231	0.65006995
35.4462	0.65006995
35.5692	0.65006995
35.6923	0.65006995
35.8154	0.65006995
35.9385	0.65006995
36.0615	0.65006995
36.1846	0.65006995
36.3077	0.65006995
36.4308	0.65006995
36.5538	0.65006995
36.6769	0.65006995
36.8000	0.65006995
36.9231	0.65006995
37.0462	0.65006995
37.1692	0.65006995
37.2923	0.65006995
37.4154	0.65006995
37.5385	0.65006995
37.6615	0.65006995
37.7846	0.65006995
37.9077	0.65006995
38.0308	0.65006995
38.1538	0.65006995
38.2769	0.65006995
38.4000	0.65006995
38.5231	0.65006995
38.6462	0.65006995
38.7692	0.65006995
38.8923	0.65006995
39.0154	0.65006995
39.1385	0.65006995
39.2615	0.65006995
39.3846	0.65006995
39.5077	0.65006995
39.6308	0.65006995
39.7538	0.65006995
39.8769	0.65006995
40.0000	0.65006995
40.1231	0.65006995
40.2462	0.65006995
40.3692	0.65006995
40.4923	0.65006995
40.6154	0.65006995
40.7385	0.65006995
40.8615	0.65006995
40.9846	0.65006995
41.1077	0.65006995
41.2308	0.65006995
41.3538	0.65006995
41.4769	0.65006995
41.6000	0.65006995
41.7231	0.65006995
41.8462	0.65006995
41.9692	0.65006995
42.0923	0.65006995
42.2154	0.65006995
42.3385	0.65006995
42.4615	0.65006995
42.5846	0.65006995
42.7077	0.65006995
42.8308	0.65006995
42.9538	0.65006995
43.0769	0.65006995
43.2000	0.65006995
43.3231	0.65006995
43.4462	0.65006995
43.5692	0.65006995
43.6923	0.65006995
43.8154	0.65006995
43.9385	0.65006995
44.0615	0.65006995
44.1846	0.65006995
44.3077	0.65006995
44.4308	0.65006995
44.5538	0.65006995
44.6769	0.65006995
44.8000	0.65006995
44.9231	0.65006995
45.0462	0.65006995
45.1692	0.65006995
45.2923	0.65006995
45.4154	0.65006995
45.5385	0.65006995
45.6615	0.65006995
45.7846	0.65006995
45.9077	0.65006995
46.0308	0.65006995
46.1538	0.65006995
46.2769	0.65006995
46.4000	0.65006995
46.5231	0.65006995
46.6462	0.65006995
46.7692	0.65006995
46.8923	0.65006995
47.0154	0.65006995
47.1385	0.65006995
47.2615	0.65006995
47.3846	0.65006995
47.5077	0.65006995
47.6308	0.65006995
47.7538	0.65006995
47.8769	0.65006995
48.0000	0.65006995
48.1231	0.65006995
48.2462	0.65006995
48.3692	0.65006995
48.4923	0.65006995
48.6154	0.65006995
48.7385	0.65006995
48.8615	0.65006995
48.9846	0.65006995
49.1077	0.65006995
49.2308	0.65006995
49.3538	0.65006995
49.4769	0.65006995
49.6000	0.65006995
49.7231	0.65006995
49.8462	0.65006995
49.9692	0.65006995
50.0923	0.65006995
50.2154	0.65006995
50.3385	0.65006995
50.4615	0.65006995
50.5846	0.65006995
50.7077	0.65006995
50.8308	0.65006995
50.9538	0.65006995
51.0769	0.65006995
51.2000	0.65006995
51.3231	0.65006995
51.4462	0.65006995
51.5692	0.65006995
51.6923	0.65006995
51.8154	0.65006995
51.9385	0.65006995
52.0615	0.65006995
52.1846	0.65006995
52.3077	0.65006995
52.4308	0.65006995
52.5538	0.65006995
52.6769	0.65006995
52.8000	0.65006995
52.9231	0.65006995
53.0462	0.65006995
53.1692	0.65006995
53.2923	0.65006995
53.4154	0.65006995
53.5385	0.65006995
53.6615	0.65006995
53.7846	0.65006995
53.9077	0.65006995
54.0308	0.65006995
54.1538	0.65006995
54.2769	0.65006995
54.4000	0.65006995
54.5231	0.65006995
54.6462	0.65006995
54.7692	0.65006995
54.8923	0.65006995
55.0154	0.65006995
55.1385	0.65006995
55.2615	0.65006995
55.3846	0.65006995
55.5077	0.65006995
55.6308	0.65006995
55.7538	0.65006995
55.8769	0.65006995
56.0000	0.65006995
56.1231	0.65006995
56.2462	0.65006995
56.3692	0.65006995
56.4923	0.65006995
56.6154	0.65006995
56.7385	0.65006995
56.8615	0.65006995
56.9846	0.65006995
57.1077	0.65006995
57.2308	0.65006995
57.3538	0.65006995
57.4769	0.65006995
57.6000	0.65006995
57.7231	0.65006995
57.8462	0.65006995
57.9692	0.65006995
58.0923	0.65006995
58.2154	0.65006995
58.3385	0.65006995
58.4615	0.65006995
58.5846	0.65006995
58.7077	0.65006995
58.8308	0.65006995
58.9538	0.65006995
59.0769	0.65006995
59.2000	0.65006995
59.3231	0.65006995
59.4462	0.65006995
59.5692	0.65006995
59.6923	0.65006995
59.8154	0.65006995
59.9385	0.65006995
60.0615	0.65006995
60.1846	0.65006995
60.3077	0.65006995
60.4308	0.65006995
60.5538	0.65006995
60.6769	0.65006995
60.8000	0.65006995
60.9231	0.65006995
61.0462	0.65006995
61.1692	0.65006995
61.2923	0.65006995
61.4154	0.65006995
61.5385	0.65006995
61.6615	0.65006995
61.7846	0.65006995
61.9077	0.65006995
62.0308	0.65006995
62.1538	0.65006995
62.2769	0.65006995
62.4000	0.65006995
62.5231	0.65006995
62.6462	0.65006995
62.7692	0.65006995
62.8923	0.65006995
63.0154	0.65006995
63.1385	0.65006995
63.2615	0.65006995
63.3846	0.65006995
63.5077	0.65006995
63.6308	0.65006995
63.7538	0.65006995
63.8769	0.65006995
64.0000	0.65006995
64.1231	0.65006995
64.2462	0.65006995
64.3692	0.65006995
64.4923	0.65006995
64.6154	0.65006995
64.7385	0.65006995
64.8615	0.65006995
64.9846	0.65006995
65.1077	0.65006995
65.2308	0.65006995
65.3538	0.65006995
65.4769	0.65006995
65.6000	0.65006995
65.7231	0.65006995
65.8462	0.65006995
65.9692	0.65006995
66.0923	0.65006995
66.2154	0.65006995
66.3385	0.65006995
66.4615	0.65006995
66.5846	0.65006995
66.7077	0.65006995
66.8308	0.65006995
66.9538	0.65006995
67.0769	0.65006995
67.2000	0.65006995
67.3231	0.65006995
67.4462	0.65006995
67.5692	0.65006995
67.6923	0.65006995
67.8154	0.65006995
67.9385	0.65006995
68.0615	0.65006995
68.1846	0.65006995
68.3077	0.65006995
68.4308	0.65006995
68.5538	0.65006995
68.6769	0.65006995
68.8000	0.65006995
68.9231	0.65006995
69.0462	0.65006995
69.1692	0.65006995
69.2923	0.65006995
69.4154	0.65006995
69.5385	0.65006995
69.6615	0.65006995
69.7846	0.65006995
69.9077	0.65006995
70.0308	0.65006995
70.1538	0.65006995
70.2769	0.65006995
70.4000	0.65006995
70.5231	0.65006995
70.6462	0.65006995
70.7692	0.65006995
70.8923	0.65006995
71.0154	0.65006995
71.1385	0.65006995
71.2615	0.65006995
71.3846	0.65006995
71.5077	0.65006995
71.6308	0.65006995
71.7538	0.65006995
71.8769	0.65006995
72.0000	0.65006995
72.1231	0.65006995
72.2462	0.65006995
72.3692	0.65006995
72.4923	0.65006995
72.6154	0.65006995
72.7385	0.65006995
72.8615	0.65006995
72.9846	0.65006995
73.1077	0.65006995
73.2308	0.65006995
73.3538	0.65006995
73.4769	0.65006995
73.6000	0.65006995
73.7231	0.65006995
73.8462	0.65006995
73.9692	0.65006995
74.0923	0.65006995
74.2154	0.65006995
74.3385	0.65006995
74.4615	0.65006995
74.5846	0.65006995
74.7077	0.65006995
74.8308	0.65006995
74.9538	0.65006995
75.0769	0.65006995
75.2000	0.65006995
75.3231	0.65006995
75.4462	0.65006995
75.5692	0.65006995
75.6923	0.65006995
75.8154	0.65006995
75.9385	0.65006995
76.0615	0.65006995
76.1846	0.65006995
76.3077	0.65006995
76.4308	0.65006995
76.5538	0.65006995
76.6769	0.65006995
76.8000	0.65006995
76.9231	0.65006995
77.0462	0.65006995
77.1692	0.65006995
77.2923	0.65006995
77.4154	0.65006995
77.5385	0.65006995
77.6615	0.65006995
77.7846	0.65006995
77.9077	0.65006995
78.0308	0.65006995
78.1538	0.65006995
78.2769	0.65006995
78.4000	0.65006995
78.5231	0.65006995
78.6462	0.65006995
78.7692	0.65006995
78.8923	0.65006995
79.0154	0.65006995
79.1385	0.65006995
79.2615	0.65006995
79.3846	0.65006995
79.5077	0.65006995
79.6308	0.65006995
79.7538	0.65006995
79.8769	0.65006995
80.0000	0.65006995
80.1231	0.65006995
80.2462	0.65006995
80.3692	0.65006995
80.4923	0.65006995
80.6154	0.65006995
80.7385	0.65006995
80.8615	0.65006995
80.9846	0.65006995
81.1077	0.65006995
81.2308	0.65006995
81.3538	0.65006995
81.4769	0.65006995
81.6000	0.65006995
81.7231	0.65006995
81.8462	0.65006995
81.9692	0.65006995
82.0923	0.65006995
82.2154	0.65006995
82.3385	0.65006995
82.4615	0.65006995
82.5846	0.65006995
82.7077	0.65006995
82.8308	0.65006995
82.9538	0.65006995
83.0769	0.65006995
83.2000	0.65006995
83.3231	0.65006995
83.4462	0.65006995
83.5692	0.65006995
83.6923	0.65006995
83.8154	0.65006995
83.9385	0.65006995
84.0615	0.65006995
84.1846	0.65006995
84.3077	0.65006995
84.4308	0.65006995
84.5538	0.65006995
84.6769	0.65006995
84.8000	0.65006995
84.9231	0.65006995
85.0462	0.65006995
85.1692	0.65006995
85.2923	0.65006995
85.4154	0.65006995
85.5385	0.65006995
85.6615	0.65006995
85.7846	0.65006995
85.9077	0.65006995
86.0308	0.65006995
86.1538	0.65006995
86.2769	0.65006995
86.4000	0.65006995
86.5231	0.65006995
86.6462	0.65006995
86.7692	0.65006995
86.8923	0.65006995
87.0154	0.65006995
87.1385	0.65006995
87.2615	0.65006995
87.3846	0.65006995
87.5077	0.65006995
87.6308	0.65006995
87.7538	0.65006995
87.8769	0.65006995
88.0000	0.65006995
88.1231	0.65006995
88.2462	0.65006995
88.3692	0.65006995
88.4923	0.65006995
88.6154	0.65006995
88.7385	0.65006995
88.8615	0.65006995
88.9846	0.65006995
89.1077	0.65006995
89.2308	0.65006995
89.3538	0.65006995
89.4769	0.65006995
89.6000	0.65006995
89.7231	0.65006995
89.8462	0.65006995
89.9692	0.65006995
90.0923	0.65006995
90.2154	0.65006995
90.3385	0.65006995
90.4615	0.65006995
90.5846	0.65006995
90.7077	0.65006995
90.8308	0.65006995
90.9538	0.65006995
91.0769	0.65006995
91.2000	0.65006995
91.3231	0.65006995
91.4462	0.65006995
91.5692	0.65006995
91.6923	0.65006995
91.8154	0.65006995
91.9385	0.65006995
92.0615	0.65006995
92.1846	0.65006995
92.3077	0.65006995
92.4308	0.65006995
92.5538	0.65006995
92.6769	0.65006995
92.8000	0.65006995
92.9231	0.65006995
93.0462	0.65006995
93.1692	0.65006995
93.2923	0.65006995
93.4154	0.65006995
93.5385	0.65006995
93.6615	0.65006995
93.7846	0.65006995
93.9077	0.65006995
94.0308	0.65006995
94.1538	0.65006995
94.2769	0.65006995
94.4000	0.65006995
94.5231	0.65006995
94.6462	0.65006995
94.7692	0.65006995
94.8923	0.65006995
95.0154	0.65006995
95.1385	0.65006995
95.2615	0.65006995
95.3846	0.65006995
95.5077	0.65006995
95.6308	0.65006995
95.7538	0.65006995
95.8769	0.65006995
96.0000	0.65006995
96.1231	0.65006995
96.2462	0.65006995
96.3692	0.65006995
96.4923	0.65006995
96.6154	0.65006995
96.7385	0.65006995
96.8615	0.65006995
96.9846	0.65006995
97.1077	0.65006995
97.2308	0.65006995
97.3538	0.65006995
97.4769	0.65006995
97.6000	0.65006995
97.7231	0.65006995
97.8462	0.65006995
97.9692	0.65006995
98.0923	0.65006995
98.2154	0.65006995
98.3385	0.65006995
98.4615	0.65006995
98.5846	0.65006995
98.7077	0.65006995
98.8308	0.65006995
98.9538	0.65006995
99.0769	0.65006995
99.2000	0.65006995
99.3231	0.65006995
99.4462	0.65006995
99.5692	0.65006995
99.6923	0.65006995
99.8154	0.65006995
99.9385	0.65006995
100.0615	0.65006995
100.1846	0.65006995
100.3077	0.65006995
100.4308	0.65006995
100.5538	0.65006995
100.6769	0.65006995
100.8000	0.65006995
100.9231	0.65006995
101.0462	0.65006995
101.1692	0.65006995
101.2923	0.65006995
101.4154	0.65006995
101.5385	0.65006995
101.6615	0.65006995
101.7846	0.65006995
101.9077	0.65006995
102.0308	0.65006995
102.1538	0.65006995
102.2769	0.65006995
102.4000	0.65006995
102.5231	0.65006995
102.6462	0.65006995
102.7692	0.65006995
102.8923	0.65006995
103.0154	0.65006995
103.1385	0.65006995
103.2615	0.65006995
103.3846	0.65006995
103.5077	0.65006995
103.6308	0.65006995
103.7538	0.65006995
103.8769	0.65006995
104.0000	0.65006995
104.1231	0.65006995
104.2462	0.65006995
104.3692	0.65006995
104.4923	0.65006995
104.6154	0.65006995
104.7385	0.65006995
104.8615	0.65006995
104.9846	0.65006995
105.1077	0.65006995
105.2308	0.65006995
105.3538	0.65006995
105.4769	0.65006995
105.6000	0.65006995
105.7231	0.65006995
105.8462	0.65006995
105.9692	0.65006995
106.0923	0.65006995
106.2154	0.65006995
106.3385	0.65006995
106.4615	0.65006995
106.5846	0.65006995
106.7077	0.65006995
106.8308	0.65006995
106.9538	0.65006995
107.0769	0.65006995
107.2000	0.65006995
107.3231	0.65006995
107.4462	0.65006995
107.5692	0.65006995
107.6923	0.65006995
107.8154	0.65006995
107.9385	0.65006995
108.0615	0.65006995
108.1846	0.65006995
108.3077	0.65006995
108.4308	0.65006995
108.5538	0.65006995
108.6769	0.65006995
108.8000	0.65006995
108.9231	0.65006995
109.0462	0.65006995
109.1692	0.65006995
109.2923	0.65006995
109.4154	0.65006995
109.5385	0.65006995
109.6615	0.65006995
109.7846	0.65006995
109.9077	0.65006995
110.0308	0.65006995
110.1538	0.65006995
110.2769	0.65006995
110.4000	0.65006995
110.5231	0.65006995
110.6462	0.65006995
110.7692	0.65006995
110.8923	0.65006995
111.0154	0.65006995
111.1385	0.65006995
111.2615	0.65006995
111.3846	0.65006995
111.5077	0.65006995
111.6308	0.65006995
111.7538	0.65006995
111.8769	0.65006995
112.0000	0.65006995
112.1231	0.65006995
112.2462	0.65006995
112.3692	0.65006995
112.4923	0.65006995
112.6154	0.65006995
112.7385	0.65006995
112.8615	0.65006995
112.9846	0.65006995
113.1077	0.65006995
113.2308	0.65006995
113.3538	0.65006995
113.4769	0.65006995
113.6000	0.65006995
113.7231	0.65006995
113.8462	0.65006995
113.9692	0.65006995
114.0923	0.65006995
114.2154	0.65006995
114.3385	0.65006995
114.4615	0.65006995
114.5846	0.65006995
114.7077	0.65006995
114.8308	0.65006995
114.9538	0.65006995
115.0769	0.65006995
115.2000	0.65006995
115.3231	0.65006995
115.4462	0.65006995
115.5692	0.65006995
115.6923	0.65006995
115.8154	0.65006995
115.9385	0.65006995
116.0615	0.65006995
116.1846	0.65006995
116.3077	0.65006995
116.4308	0.65006995
116.5538	0.65006995
116.6769	0.65006995
116.8000	0.65006995
116.9231	0.65006995
117.0462	0.65006995
117.1692	0.65006995
117.2923	0.65006995
117.4154	0.65006995
117.5385	0.65006995
117.6615	0.65006995
117.7846	0.65006995
117.9077	0.65006995
118.0308	0.65006995
118.1538	0.65006995
118.2769	0.65006995
118.4000	0.65006995
118.5231	0.65006995
118.6462	0.65006995
118.7692	0.65006995
118.8923	0.65006995
119.0154	0.65006995
119.1385	0.65006995
119.2615	0.65006995
119.3846	0.65006995
119.5077	0.65006995
119.6308	0.65006995
119.7538	0.65006995
119.8769	0.65006995
120.0000	0.65006995
120.1231	0.65006995
120.2462	0.65006995
120.3692	0.65006995
120.4923	0.65006995
120.6154	0.65006995
120.7385	0.65006995
120.8615	0.65006995
120.9846	0.65006995
121.1077	0.65006995
121.2308	0.65006995
121.3538	0.65006995
121.4769	0.65006995
121.6000	0.65006995
121.7231	0.65006995
121.8462	0.65006995
121.9692	0.65006995
122.0923	0.65006995
122.2154	0.65006995
122.3385	0.65006995
122.4615	0.65006995
122.5846	0.65006995
122.7077	0.65006995
122.8308	0.65006995
122.9538	0.65006995
123.0769	0.65006995
123.2000	0.65006995
123.3231	0.65006995
123.4462	0.65006995
123.5692	0.65006995
123.6923	0.65006995
123.8154	0.65006995
123.9385	0.65006995
124.0615	0.65006995
124.1846	0.65006995
124.3077	0.65006995
124.4308	0.65006995
124.5538	0.65006995
124.6769	0.65006995
124.8000	0.65006995
124.9231	0.65006995
125.0462	0.65006995
125.1692	0.65006995
125.2923	0.65006995
125.4154	0.65006995
125.5385	0.65006995
125.6615	0.65006995
125.7846	0.65006995
125.9077	0.65006995
126.0308	0.65006995
126.1538	0.65006995
126.2769	0.65006995
126.4000	0.65006995
126.5231	0.65006995
126.6462	0.65006995
126.7692	0.65006995
126.8923	0.65006995
127.0154	0.65006995
127.1385	0.65006995
127.2615	0.65006995
127.3846	0.65006995
127.5077	0.65006995
127.6308	0.65006995
127.7538	0.65006995
127.8769	0.65006995
128.0000	0.65006995
128.1231	0.65006995
128.2462	0.65006995
128.3692	0.65006995
128.4923	0.65006995
128.6154	0.65006995
128.7385	0.65006995
128.8615	0.65006995
128.9846	0.65006995
129.1077	0.65006995
129.2308	0.65006995
129.3539	0.65006995
129.4769	0.65006995
129.6000	0.65006995
129.7231	0.65006995
129.8462	0.65006995
129.9692	0.65006995
130.0923	0.65006995
130.2154	0.65006995
130.3385	0.65006995
130.4615	0.65006995
130.5846	0.65006995
130.7077	0.65006995
130.8308	0.65006995
130.9538	0.65006995
131.0769	0.65006995
131.2000	0.65006995
131.3231	0.65006995
131.4462	0.65006995
131.5692	0.65006995
131.6923	0.65006995
131.8154	0.65006995
131.9385	0.65006995
132.0615	0.65006995
132.1846	0.65006995
132.3077	0.65006995
132.4308	0.65006995
132.5538	0.65006995
132.6769	0.65006995
132.8000	0.65006995
132.9231	0.65006995
133.0462	0.65006995
133.1692	0.65006995
133.2923	0.65006995
133.4154	0.65006995
133.5385	0.65006995
133.6615	0.65006995
133.7846	0.65006995
133.9077	0.65006995
134.0308	0.65006995
134.1538	0.65006995
134.2769	0.65006995
134.4000	0.65006995
134.5231	0.65006995
134.6461	0.65006995
134.7692	0.65006995
134.8923	0.65006995
135.0154	0.65006995
135.1385	0.65006995
135.2615	0.65006995
135.3846	0.65006995
135.5077	0.65006995
135.6308	0.65006995
135.7538	0.65006995
135.8769	0.65006995
136.0000	0.65006995
136.1231	0.65006995
136.2462	0.65006995
136.3692	0.65006995
136.4923	0.65006995
136.6154	0.65006995
136.7385	0.65006995
136.8615	0.65006995
136.9846	0.65006995
137.1077	0.65006995
137.2308	0.65006995
137.3539	0.65006995
137.4769	0.65006995
137.6000	0.65006995
137.7231	0.65006995
137.8462	0.65006995
137.9692	0.65006995
138.0923	0.65006995
138.2154	0.65006995
138.3385	0.65006995
138.4615	0.65006995
138.5846	0.65006995
138.7077	0.65006995
138.8308	0.65006995
138.9538	0.65006995
139.0769	0.65006995
139.2000	0.65006995
139.3231	0.65006995
139.4462	0.65006995
139.5692	0.65006995
139.6923	0.65006995
139.8154	0.65006995
139.9385	0.65006995
140.0615	0.65006995
140.1846	0.65006995
140.3077	0.65006995
140.4308	0.65006995
140.5538	0.65006995
140.6769	0.65006995
140.8000	0.65006995
140.9231	0.65006995
141.0462	0.65006995
141.1692	0.65006995
141.2923	0.65006995
141.4154	0.65006995
141.5385	0.65006995
141.6615	0.65006995
141.7846	0.65006995
141.9077	0.65006995
142.0308	0.65006995
142.1538	0.65006995
142.2769	0.65006995
142.4000	0.65006995
142.5231	0.65006995
142.6461	0.65006995
142.7692	0.65006995
142.8923	0.65006995
143.0154	0.65006995
143.1385	0.65006995
143.2615	0.65006995
143.3846	0.65006995
143.5077	0.65006995
143.6308	0.65006995
143.7538	0.65006995
143.8769	0.65006995
144.0000	0.65006995
144.1231	0.65006995
144.2462	0.65006995
144.3692	0.65006995
144.4923	0.65006995
144.6154	0.65006995
144.7385	0.65006995
144.8615	0.65006995
144.9846	0.65006995
145.1077	0.65006995
145.2308	0.65006995
145.3539	0.65006995
145.4769	0.65006995
145.6000	0.65006995
145.7231	0.65006995
145.8462	0.65006995
145.9692	0.65006995
146.0923	0.65006995
146.2154	0.65006995
146.3385	0.65006995
146.4615	0.65006995
146.5846	0.65006995
146.7077	0.65006995
146.8308	0.65006995
146.9538	0.65006995
147.0769	0.65006995
147.2000	0.65006995
147.3231	0.65006995
147.4462	0.65006995
147.5692	0.65006995
147.6923	0.65006995
147.8154	0.65006995
147.9385	0.65006995
148.0615	0.65006995
148.1846	0.65006995
148.3077	0.65006995
148.4308	0.65006995
148.5538	0.65006995
148.6769	0.65006995
148.8000	0.65006995
148.9231	0.65006995
149.0462	0.65006995
149.1692	0.65006995
149.2923	0.65006995
149.4154	0.65006995
149.5385	0.65006995
149.6615	0.65006995
149.7846	0.65006995
149.9077	0.65006995
150.0308	0.65006995
150.1538	0.65006995
150.2769	0.65006995
150.4000	0.65006995
150.5231	0.65006995
150.6461	0.65006995
150.7692	0.65006995
150.8923	0.65006995
151.0154	0.65006995
151.1385	0.65006995
151.2615	0.65006995
151.3846	0.65006995
151.5077	0.65006995
151.6308	0.65006995
151.7538	0.65006995
151.8769	0.65006995
152.0000	0.65006995
152.1231	0.65006995
152.2462	0.65006995
152.3692	0.65006995
152.4923	0.65006995
152.6154	0.65006995
152.7385	0.65006995
152.8615	0.65006995
152.9846	0.65006995
153.1077	0.65006995
153.2308	0.65006995
153.3539	0.65006995
153.4769	0.65006995
153.6000	0.65006995
153.7231	0.65006995
153.8462	0.65006995
153.9692	0.65006995
154.0923	0.65006995
154.2154	0.65006995
154.3385	0.65006995
154.4615	0.65006995
154.5846	0.65006995
154.7077	0.65006995
154.8308	0.65006995
154.9538	0.65006995
155.0769	0.65006995
155.2000	0.65006995
155.3231	0.65006995
155.4462	0.65006995
155.5692	0.65006995
155.6923	0.65006995
155.8154	0.65006995
155.9385	0.65006995
156.0615	0.65006995
156.1846	0.65006995
156.3077	0.65006995
156.4308	0.65006995
156.5538	0.65006995
156.6769	0.65006995
156.8000	0.65006995
156.9231	0.65006995
157.0462	0.65006995
157.1692	0.65006995
157.2923	0.65006995
157.4154	0.65006995
157.5385	0.65006995
157.6615	0.65006995
157.7846	0.65006995
157.9077	0.65006995
158.0308	0.65006995
158.1538	0.65006995
158.2769	0.65006995
158.4000	0.65006995
158.5231	0.65006995
158.6461	0.65006995
158.7692	0.65006995
158.8923	0.65006995
159.0154	0.65006995
159.1385	0.65006995
159.2615	0.65006995
159.3846	0.65006995
159.5077	0.65006995
159.6308	0.65006995
159.7538	0.65006995
159.8769	0.65006995
160.0000	0.65006995
160.1231	0.65006995
160.2462	0.65006995
160.3692	0.65006995
160.4923	0.65006995
160.6154	0.65006995
160.7385	0.65006995
160.8615	0.65006995
160.9846	0.65006995
161.1077	0.65006995
161.2308	0.65006995
161.3539	0.65006995
161.4769	0.65006995
161.6000	0.65006995
161.7231	0.65006995
161.8462	0.65006995
161.9692	0.65006995
162.0923	0.65006995
162.2154	0.65006995
162.3385	0.65006995
162.4615	0.65006995
162.5846	0.65006995
162.7077	0.65006995
162.8308	0.65006995
162.9538	0.65006995
163.0769	0.65006995
163.2000	0.65006995
163.3231	0.65006995
163.4462	0.65006995
163.5692	0.65006995
163.6923	0.65006995
163.8154	0.65006995
163.9385	0.65006995
164.0615	0.65006995
164.1846	0.65006995
164.3077	0.65006995
164.4308	0.65006995
164.5538	0.65006995
164.6769	0.65006995
164.8000	0.65006995
164.9231	0.65006995
165.0462	0.65006995
165.1692	0.65006995
165.2923	0.65006995
165.4154	0.65006995
165.5385	0.65006995
165.6615	0.65006995
165.7846	0.65006995
165.9077	0.65006995
166.0308	0.65006995
166.1538	0.65006995
166.2769	0.65006995
166.4000	0.65006995
166.5231	0.65006995
166.6461	0.65006995
166.7692	0.65006995
166.8923	0.65006995
167.0154	0.65006995
167.1385	0.65006995
167.2615	0.65006995
167.3846	0.65006995
167.5077	0.65006995
167.6308	0.65006995
167.7538	0.65006995
167.8769	0.65006995
168.0000	0.65006995
168.1231	0.65006995
168.2462	0.65006995
168.3692	0.65006995
168.4923	0.65006995
168.6154	0.65006995
168.7385	0.65006995
168.8615	0.65006995
168.9846	0.65006995
169.1077	0.65006995
169.2308	0.65006995
169.3539	0.65006995
169.4769	0.65006995
169.6000	0.65006995
169.7231	0.65006995
169.8462	0.65006995
169.9692	0.65006995
170.0923	0.65006995
170.2154	0.65006995
170.3385	0.65006995
170.4615	0.65006995
170.5846	0.65006995
170.7077	0.65006995
170.8308	0.65006995
170.9538	0.65006995
171.0769	0.65006995
171.2000	0.65006995
171.3231	0.65006995
171.4462	0.65006995
171.5692	0.65006995
171.6923	0.65006995
171.8154	0.65006995
171.9385	0.65006995
172.0615	0.65006995
172.1846	0.65006995
172.3077	0.65006995
172.4308	0.65006995
172.5538	0.65006995
172.6769	0.65006995
172.8000	0.65006995
172.9231	0.65006995
173.0462	0.65006995
173.1692	0.65006995
173.2923	0.65006995
173.4154	0.65006995
173.5385	0.65006995
173.6615	0.65006995
173.7846	0.65006995
173.9077	0.65006995
174.0308	0.65006995
174.1538	0.65006995
174.2769	0.65006995
174.4000	0.65006995
174.5231	0.65006995
174.6461	0.65006995
174.7692	0.65006995
174.8923	0.65006995
175.0154	0.65006995
175.1385	0.65006995
175.2615	0.65006995
175.3846	0.65006995
175.5077	0.65006995
175.6308	0.65006995
175.7538	0.65006995
175.8769	0.65006995
176.0000	0.65006995
176.1231	0.65006995
176.2462	0.65006995
176.3692	0.65006995
176.4923	0.65006995
176.6154	0.65006995
176.7385	0.65006995
176.8615	0.65006995
176.9846	0.65006995
177.1077	0.65006995
177.2308	0.65006995
177.3539	0.65006995
177.4769	0.65006995
177.6000	0.65006995
177.7231	0.65006995
177.8462	0.65006995
177.9692	0.65006995
178.0923	0.65006995
178.2154	0.65006995
178.3385	0.65006995
178.4615	0.65006995
178.5846	0.65006995
178.7077	0.65006995
178.8308	0.65006995
178.9538	0.65006995
179.0769	0.65006995
179.2000	0.65006995
179.3231	0.65006995
179.4462	0.65006995
179.5692	0.65006995
179.6923	0.65006995
179.8154	0.65006995
179.9385	0.65006995
180.0615	0.65006995
180.1846	0.65006995
180.3077	0.65006995
180.4308	0.65006995
180.5538	0.65006995
180.6769	0.65006995
180.8000	0.65006995
180.9231	0.65006995
181.0462	0.65006995
181.1692	0.65006995
181.2923	0.65006995
181.4154	0.65006995
181.5385	0.65006995
181.6615	0.65006995
181.7846	0.65006995
181.9077	0.65006995
182.0308	0.65006995
182.1538	0.65006995
182.2769	0.65006995
182.4000	0.65006995
182.5231	0.65006995
182.6461	0.65006995
182.7692	0.65006995
182.8923	0.65006995
183.0154	0.65006995
183.1385	0.65006995
183.2615	0.65006995
183.3846	0.65006995
183.5077	0.65006995
183.6308	0.65006995
183.7538	0.65006995
183.8769	0.65006995
184.0000	0.65006995
184.1231	0.65006995
184.2462	0.65006995
184.3692	0.65006995
184.4923	0.65006995
184.6154	0.65006995
184.7385	0.65006995
184.8615	0.65006995
184.9846	0.65006995
185.1077	0.65006995
185.2308	0.65006995
185.3539	0.65006995
185.4769	0.65006995
185.6000	0.65006995
185.7231	0.65006995
185.8462	0.65006995
185.9692	0.65006995
186.0923	0.65006995
186.2154	0.65006995
186.3385	0.65006995
186.4615	0.65006995
186.5846	0.65006995
186.7077	0.65006995
186.8308	0.65006995
186.9538	0.65006995
187.0769	0.65006995
187.2000	0.65006995
187.3231	0.65006995
187.4462	0.65006995
187.5692	0.65006995
187.6923	0.65006995
187.8154	0.65006995
187.9385	0.65006995
188.0615	0.65006995
188.1846	0.65006995
188.3077	0.65006995
188.4308	0.65006995
188.5538	0.65006995
188.6769	0.65006995
188.8000	0.65006995
188.9231	0.65006995
189.0462	0.65006995
189.1692	0.65006995
189.2923	0.65006995
189.4154	0.65006995
189.5385	0.65006995
189.6615	0.65006995
189.7846	0.65006995
189.9077	0.65006995
190.0308	0.65006995
190.1538	0.65006995
190.2769	0.65006995
190.4000	0.65006995
190.5231	0.65006995
190.6461	0.65006995
190.7692	0.65006995
190.8923	0.65006995
191.0154	0.65006995
191.1385	0.65006995
191.2615	0.65006995
191.3846	0.65006995
191.5077	0.65006995
191.6308	0.65006995
191.7538	0.65006995
191.8769	0.65006995
192.0000	0.65006995
192.1231	0.65006995
192.2462	0.65006995
192.3692	0.65006995
192.4923	0.65006995
192.6154	0.65006995
192.7385	0.65006995
192.8615	0.65006995
192.9846	0.65006995
193.1077	0.65006995
193.2308	0.65006995
193.3539	0.65006995
193.4769	0.65006995
193.6000	0.65006995
193.7231	0.65006995
193.8462	0.65006995
193.9692	0.65006995
194.0923	0.65006995
194.2154	0.65006995
194.3385	0.65006995
194.4615	0.65006995
194.5846	0.65006995
194.7077	0.65006995
194.8308	0.65006995
194.9538	0.65006995
195.0769	0.65006995
195.2000	0.65006995
195.3231	0.65006995
195.4462	0.65006995
195.5692	0.65006995
195.6923	0.65006995
195.8154	0.65006995
195.9385	0.65006995
196.0615	0.65006995
196.1846	0.65006995
196.3077	0.65006995
196.4308	0.65006995
196.5538	0.65006995
196.6769	0.65006995
196.8000	0.65006995
196.9231	0.65006995
197.0462	0.65006995
197.1692	0.65006995
197.2923	0.65006995
197.4154	0.65006995
197.5385	0.65006995
197.6615	0.65006995
197.7846	0.65006995
197.9077	0.65006995
198.0308	0.65006995
198.1538	0.65006995
198.2769	0.65006995
198.4000	0.65006995
198.5231	0.65006995
198.6461	0.65006995
198.7692	0.65006995
198.8923	0.65006995
199.0154	0.65006995
199.1385	0.65006995
199.2615	0.65006995
199.3846	0.65006995
199.5077	0.65006995
199.6308	0.65006995
199.7538	0.65006995
199.8769	0.65006995
200.0000	0.65006995
200.1231	0.65006995
200.2462	0.65006995
200.3692	0.65006995
200.4923	0.65006995
200.6154	0.65006995
200.7385	0.65006995
200.8615	0.65006995
200.9846	0.65006995
201.1077	0.65006995
201.2308	0.65006995
201.3539	0.65006995
201.4769	0.65006995
201.6000	0.65006995
201.7231	0.65006995
201.8462	0.65006995
201.9692	0.65006995
202.0923	0.65006995
202.2154	0.65006995
202.3385	0.65006995
202.4615	0.65006995
202.5846	0.65006995
202.7077	0.65006995
202.8308	0.65006995
202.9538	0.65006995
203.0769	0.65006995
203.2000	0.65006995
203.3231	0.65006995
203.4462	0.65006995
203.5692	0.65006995
203.6923	0.65006995
203.8154	0.65006995
203.9385	0.65006995
204.0615	0.65006995
204.1846	0.65006995
204.3077	0.65006995
204.4308	0.65006995
204.5538	0.65006995
204.6769	0.65006995
204.8000	0.65006995
204.9231	0.65006995
205.0462	0.65006995
205.1692	0.65006995
205.2923	0.65006995
205.4154	0.65006995
205.5385	0.65006995
205.6615	0.65006995
205.7846	0.65006995
205.9077	0.65006995
206.0308	0.65006995
206.1538	0.65006995
206.2769	0.65006995
206.4000	0.65006995
206.5231	0.65006995
206.6461	0.65006995
206.7692	0.65006995
206.8923	0.65006995
207.0154	0.65006995
207.1385	0.65006995
207.2615	0.65006995
207.3846	0.65006995
207.5077	0.65006995
207.6308	0.65006995
207.7538	0.65006995
207.8769	0.65006995
208.0000	0.65006995
208.1231	0.65006995
208.2462	0.65006995
208.3692	0.65006995
208.4923	0.65006995
208.6154	0.65006995
208.7385	0.65006995
208.8615	0.65006995
208.9846	0.65006995
209.1077	0.65006995
209.2308	0.65006995
209.3539	0.65006995
209.4769	0.65006995
209.6000	0.65006995
209.7231	0.65006995
209.8462	0.65006995
209.9692	0.65006995
210.0923	0.65006995
210.2154	0.65006995
210.3385	0.65006995
210.4615	0.65006995
210.5846	0.65006995
210.7077	0.65006995
210.8308	0.65006995
210.9538	0.65006995
211.0769	0.65006995
211.2000	0.65006995
211.3231	0.65006995
211.4462	0.65006995
211.5692	0.65006995
211.6923	0.65006995
211.8154	0.65006995
211.9385	0.65006995
212.0615	0.65006995
212.1846	0.65006995
212.3077	0.65006995
212.4308	0.65006995
212.5538	0.65006995
212.6769	0.65006995
212.8000	0.65006995
212.9231	0.65006995
213.0462	0.65006995
213.1692	0.65006995
213.2923	0.65006995
213.4154	0.65006995
213.5385	0.65006995
213.6615	0.65006995
213.7846	0.65006995
213.9077	0.65006995
214.0308	0.65006995
214.1538	0.65006995
214.2769	0.65006995
214.4000	0.65006995
214.5231	0.65006995
214.6461	0.65006995
214.7692	0.65006995
214.8923	0.65006995
215.0154	0.65006995
215.1385	0.65006995
215.2615	0.65006995
215.3846	0.65006995
215.5077	0.65006995
215.6308	0.65006995
215.7538	0.65006995
215.8769	0.65006995
216.0000	0.65006995
216.1231	0.65006995
216.2462	0.65006995
216.3692	0.65006995
216.4923	0.65006995
216.6154	0.65006995
216.7385	0.65006995
216.8615	0.65006995
216.9846	0.65006995
217.1077	0.65006995
217.2308	0.65006995
217.3539	0.65006995
217.4769	0.65006995
217.6000	0.65006995
217.7231	0.65006995
217.8462	0.65006995
217.9692	0.65006995
218.0923	0.65006995
218.2154	0.65006995
218.3385	0.65006995
218.4615	0.65006995
218.5846	0.65006995
218.7077	0.65006995
218.8308	0.65006995
218.9538	0.65006995
219.0769	0.65006995
219.2000	0.65006995
219.3231	0.65006995
219.4462	0.65006995
219.5692	0.65006995
219.6923	0.65006995
219.8154	0.65006995
219.9385	0.65006995
220.0615	0.65006995
220.1846	0.65006995
220.3077	0.65006995
220.4308	0.65006995
220.5538	0.65006995
220.6769	0.65006995
220.8000	0.65006995
220.9231	0.65006995
221.0462	0.65006995
221.1692	0.65006995
221.2923	0.65006995
221.4154	0.65006995
221.5385	0.65006995
221.6615	0.65006995
221.7846	0.65006995
221.9077	0.65006995
222.0308	0.65006995
222.1538	0.65006995
222.2769	0.65006995
222.4000	0.65006995
222.5231	0.65006995
222.6461	0.65006995
222.7692	0.65006995
222.8923	0.65006995
223.0154	0.65006995
223.1385	0.65006995
223.2615	0.65006995
223.3846	0.65006995
223.5077	0.65006995
223.6308	0.65006995
223.7538	0.65006995
223.8769	0.65006995
224.0000	0.65006995
224.1231	0.65006995
224.2462	0.65006995
224.3692	0.65006995
224.4923	0.65006995
224.6154	0.65006995
224.7385	0.65006995
224.8615	0.65006995
224.9846	0.65006995
225.1077	0.65006995
225.2308	0.65006995
225.3539	0.65006995
225.4769	0.65006995
225.6000	0.65006995
225.7231	0.65006995
225.8462	0.65006995
225.9692	0.65006995
226.0923	0.65006995
226.2154	0.65006995
226.3385	0.65006995
226.4615	0.65006995
226.5846	0.65006995
226.7077	0.65006995
226.8308	0.65006995
226.9538	0.65006995
227.0769	0.65006995
227.2000	0.65006995
227.3231	0.65006995
227.4462	0.65006995
227.5692	0.65006995
227.6923	0.65006995
227.8154	0.65006995
227.9385	0.65006995
228.0615	0.65006995
228.1846	0.65006995
228.3077	0.65006995
228.4308	0.65006995
228.5538	0.65006995
228.6769	0.65006995
228.8000	0.65006995
228.9231	0.65006995
229.0462	0.65006995
229.1692	0.65006995
229.2923	0.65006995
229.4154	0.65006995
229.5385	0.65006995
229.6615	0.65006995
229.7846	0.65006995
229.9077	0.65006995
230.0308	0.65006995
230.1538	0.65006995
230.2769	0.65006995
230.4000	0.65006995
230.5231	0.65006995
230.6461	0.65006995
230.7692	0.65006995
230.8923	0.65006995
231.0154	0.65006995
231.1385	0.65006995
231.2615	0.65006995
231.3846	0.65006995
231.5077	0.65006995
231.6308	0.65006995
231.7538	0.65006995
231.8769	0.65006995
232.0000	0.65006995
232.1231	0.65006995
232.2462	0.65006995
232.3692	0.65006995
232.4923	0.65006995
232.6154	0.65006995
232.7385	0.65006995
232.8615	0.65006995
232.9846	0.65006995
233.1077	0.65006995
233.2308	0.65006995
233.3539	0.65006995
233.4769	0.65006995
233.6000	0.65006995
233.7231	0.65006995
233.8462	0.65006995
233.9692	0.65006995
234.0923	0.65006995
234.2154	0.65006995
234.3385	0.65006995
234.4615	0.65006995
234.5846	0.65006995
234.7077	0.65006995
234.8308	0.65006995
234.9538	0.65006995
235.0769	0.65006995
235.2000	0.65006995
235.3231	0.65006995
235.4462	0.65006995
235.5692	0.65006995
235.6923	0.65006995
235.8154	0.65006995
235.9385	0.65006995
236.0615	0.65006995
236.1846	0.65006995
236.3077	0.65006995
236.4308	0.65006995
236.5538	0.65006995
236.6769	0.65006995
236.8000	0.65006995
236.9231	0.65006995
237.0462	0.65006995
237.1692	0.65006995
237.2923	0.65006995
237.4154	0.65006995
237.5385	0.65006995
237.6615	0.65006995
237.7846	0.65006995
237.9077	0.65006995
238.0308	0.65006995
238.1538	0.65006995
238.2769	0.65006995
238.4000	0.65006995
238.5231	0.65006995
238.6461	0.65006995
238.7692	0.65006995
238.8923	0.65006995
239.0154	0.65006995
239.1385	0.65006995
239.2615	0.65006995
239.3846	0.65006995
239.5077	0.65006995
239.6308	0.65006995
239.7538	0.65006995
239.8769	0.65006995
240.0000	0.65006995
240.1231	0.65006995
240.2462	0.65006995
240.3692	0.65006995
240.4923	0.65006995
240.6154	0.65006995
240.7385	0.65006995
240.8615	0.65006995
240.9846	0.65006995
241.1077	0.65006995
241.2308	0.65006995
241.3539	0.65006995
241.4769	0.65006995
241.6000	0.65006995
241.7231	0.65006995
241.8462	0.65006995
241.9692	0.65006995
242.0923	0.65006995
242.2154	0.65006995
242.3385	0.65006995
242.4615	0.65006995
242.5846	0.65006995
242.7077	0.65006995
242.8308	0.65006995
242.9538	0.65006995
243.0769	0.65006995
243.2000	0.65006995
243.3231	0.65006995
243.4462	0.65006995
243.5692	0.65006995
243.6923	0.65006995
243.8154	0.65006995
243.9385	0.65006995
244.0615	0.65006995
244.1846	0.65006995
244.3077	0.65006995
244.4308	0.65006995
244.5538	0.65006995
244.6769	0.65006995
244.8000	0.65006995
244.9231	0.65006995
245.0462	0.65006995
245.1692	0.65006995
245.2923	0.65006995
245.4154	0.65006995
245.5385	0.65006995
245.6615	0.65006995
245.7846	0.65006995
245.9077	0.65006995
246.0308	0.65006995
246.1538	0.65006995
246.2769	0.65006995
246.4000	0.65006995
246.5231	0.65006995
246.6461	0.65006995
246.7692	0.65006995
246.8923	0.65006995
247.0154	0.65006995
247.1385	0.65006995
247.2615	0.65006995
247.3846	0.65006995
247.5077	0.65006995
247.6308	0.65006995
247.7538	0.65006995
247.8769	0.65006995
248.0000	0.65006995
248.1231	0.65006995
248.2462	0.65006995
248.3692	0.65006995
248.4923	0.65006995
248.6154	0.65006995
248.7385	0.65006995
248.8615	0.65006995
248.9846	0.65006995
249.1077	0.65006995
249.2308	0.65006995
249.3539	0.65006995
249.4769	0.65006995
249.6000	0.65006995
249.7231	0.65006995
249.8462	0.65006995
249.9692	0.65006995
250.0923	0.65006995
250.2154	0.65006995
250.3385	0.65006995
250.4615	0.65006995
250.5846	0.65006995
250.7077	0.65006995
250.8308	0.65006995
250.9538	0.65006995
251.0769	0.65006995
251.2000	0.65006995
251.3231	0.65006995
251.4462	0.65006995
251.5692	0.65006995
251.6923	0.65006995
251.8154	0.65006995
251.9385	0.65006995
252.0615	0.65006995
252.1846	0.65006995
252.3077	0.65006995
252.4308	0.65006995
252.5538	0.65006995
252.6769	0.65006995
252.8000	0.65006995
252.9231	0.65006995
253.0462	0.65006995
253.1692	0.65006995
253.2923	0.65006995
253.4154	0.65006995
253.5385	0.65006995
253.6615	0.65006995
253.7846	0.65006995
253.9077	0.65006995
254.0308	0.65006995
254.1538	0.65006995
254.2769	0.65006995
254.4000	0.65006995
254.5231	0.65006995
254.6461	0.65006995
254.7692	0.65006995
254.8923	0.65006995
255.0154	0.65006995
255.1385	0.65006995
255.2615	0.65006995
255.3846	0.65006995
255.5077	0.65006995
255.6308	0.65006995
255.7538	0.65006995
255.8769	0.65006995
256.0000	0.65006995
256.1231	0.65006995
256.2462	0.65006995
256.3692	0.65006995
256.4923	0.65006995
256.6154	0.65006995
256.7385	0.65006995
256.8615	0.65006995
256.9846	0.65006995
257.1077	0.65006995
257.2308	0.65006995
257.3539	0.65006995
257.4769	0.65006995
257.6000	0.65006995
257.7231	0.65006995
257.8462	0.65006995
257.9692	0.65006995
258.0923	0.65006995
258.2154	0.65006995
258.3385	0.65006995
258.4615	0.65006995
258.5846	0.65006995
258.7077	0.65006995
258.8308	0.65006995
258.9539	0.65006995
259.0769	0.65006995
259.2000	0.65006995
259.3231	0.65006995
259.4462	0.65006995
259.5692	0.65006995
259.6923	0.65006995
259.8154	0.65006995
259.9385	0.65006995
260.0615	0.65006995
260.1846	0.65006995
260.3077	0.65006995
260.4308	0.65006995
260.5538	0.65006995
260.6769	0.65006995
260.8000	0.65006995
260.9231	0.65006995
261.0461	0.65006995
261.1692	0.65006995
261.2923	0.65006995
261.4154	0.65006995
261.5385	0.65006995
261.6615	0.65006995
261.7846	0.65006995
261.9077	0.65006995
262.0308	0.65006995
262.1538	0.65006995
262.2769	0.65006995
262.4000	0.65006995
262.5231	0.65006995
262.6461	0.65006995
262.7692	0.65006995
262.8923	0.65006995
263.0154	0.65006995
263.1385	0.65006995
263.2615	0.65006995
263.3846	0.65006995
263.5077	0.65006995
263.6308	0.65006995
263.7538	0.65006995
263.8769	0.65006995
264.0000	0.65006995
264.1231	0.65006995
264.2462	0.65006995
264.3692	0.65006995
264.4923	0.65006995
264.6154	0.65006995
264.7385	0.65006995
264.8615	0.65006995
264.9846	0.65006995
265.1077	0.65006995
265.2308	0.65006995
265.3539	0.65006995
265.4769	0.65006995
265.6000	0.65006995
265.7231	0.65006995
265.8462	0.65006995
265.9692	0.65006995
266.0923	0.65006995
266.2154	0.65006995
266.3385	0.65006995
266.4615	0.65006995
266.5846	0.65006995
266.7077	0.65006995
266.8308	0.65006995
266.9539	0.65006995
267.0769	0.65006995
267.2000	0.65006995
267.3231	0.65006995
267.4462	0.65006995
267.5692	0.65006995
267.6923	0.65006995
267.8154	0.65006995
267.9385	0.65006995
268.0615	0.65006995
268.1846	0.65006995
268.3077	0.65006995
268.4308	0.65006995
268.5538	0.65006995
268.6769	0.65006995
268.8000	0.65006995
268.9231	0.65006995
269.0461	0.65006995
269.1692	0.65006995
269.2923	0.65006995
269.4154	0.65006995
269.5385	0.65006995
269.6615	0.65006995
269.7846	0.65006995
269.9077	0.65006995
270.0308	0.65006995
270.1538	0.65006995
270.2769	0.65006995
270.4000	0.65006995
270.5231	0.65006995
270.6461	0.65006995
270.7692	0.65006995
270.8923	0.65006995
271.0154	0.65006995
271.1385	0.65006995
271.2615	0.65006995
271.3846	0.65006995
271.5077	0.65006995
271.6308	0.65006995
271.7538	0.65006995
271.8769	0.65006995
272.0000	0.65006995
272.1231	0.65006995
272.2462	0.65006995
272.3692	0.65006995
272.4923	0.65006995
272.6154	0.65006995
272.7385	0.65006995
272.8615	0.65006995
272.9846	0.65006995
273.1077	0.65006995
273.2308	0.65006995
273.3539	0.65006995
273.4769	0.65006995
273.6000	0.65006995
273.7231	0.65006995
273.8462	0.65006995
273.9692	0.65006995
274.0923	0.65006995
274.2154	0.65006995
274.3385	0.65006995
274.4615	0.65006995
274.5846	0.65006995
274.7077	0.65006995
274.8308	0.65006995
274.9539	0.65006995
275.0769	0.65006995
275.2000	0.65006995
275.3231	0.65006995
275.4462	0.65006995
275.5692	0.65006995
275.6923	0.65006995
275.8154	0.65006995
275.9385	0.65006995
276.0615	0.65006995
276.1846	0.65006995
276.3077	0.65006995
276.4308	0.65006995
276.5538	0.65006995
276.6769	0.65006995
276.8000	0.65006995
276.9231	0.65006995
277.0461	0.65006995
277.1692	0.65006995
277.2923	0.65006995
277.4154	0.65006995
277.5385	0.65006995
277.6615	0.65006995
277.7846	0.65006995
277.9077	0.65006995
278.0308	0.65006995
278.1538	0.65006995
278.2769	0.65006995
278.4000	0.65006995
278.5231	0.65006995
278.6461	0.65006995
278.7692	0.65006995
278.8923	0.65006995
279.0154	0.65006995
279.1385	0.65006995
279.2615	0.65006995
279.3846	0.65006995
279.5077	0.65006995
279.6308	0.65006995
279.7538	0.65006995
279.8769	0.65006995
280.0000	0.65006995
280.1231	0.65006995
280.2462	0.65006995
280.3692	0.65006995
280.4923	0.65006995
280.6154	0.65006995
280.7385	0.65006995
280.8615	0.65006995
280.9846	0.65006995
281.1077	0.65006995
281.2308	0.65006995
281.3539	0.65006995
281.4769	0.65006995
281.6000	0.65006995
281.7231	0.65006995
281.8462	0.65006995
281.9692	0.65006995
282.0923	0.65006995
282.2154	0.65006995
282.3385	0.65006995
282.4615	0.65006995
282.5846	0.65006995
282.7077	0.65006995
282.8308	0.65006995
282.9539	0.65006995
283.0769	0.65006995
283.2000	0.65006995
283.3231	0.65006995
283.4462	0.65006995
283.5692	0.65006995
283.6923	0.65006995
283.8154	0.65006995
283.9385	0.65006995
284.0615	0.65006995
284.1846	0.65006995
284.3077	0.65006995
284.4308	0.65006995
284.5538	0.65006995
284.6769	0.65006995
284.8000	0.65006995
284.9231	0.65006995
285.0461	0.65006995
285.1692	0.65006995
285.2923	0.65006995
285.4154	0.65006995
285.5385	0.65006995
285.6615	0.65006995
285.7846	0.65006995
285.9077	0.65006995
286.0308	0.65006995
286.1538	0.65006995
286.2769	0.65006995
286.4000	0.65006995
286.5231	0.65006995
286.6461	0.65006995
286.7692	0.65006995
286.8923	0.65006995
287.0154	0.65006995
287.1385	0.65006995
287.2615	0.65006995
287.3846	0.65006995
287.5077	0.65006995
287.6308	0.65006995
287.7538	0.65006995
287.8769	0.65006995
288.0000	0.65006995
288.1231	0.65006995
288.2462	0.65006995
288.3692	0.65006995
288.4923	0.65006995
288.6154	0.65006995
288.7385	0.65006995
288.8615	0.65006995
288.9846	0.65006995
289.1077	0.65006995
289.2308	0.65006995
289.3539	0.65006995
289.4769	0.65006995
289.6000	0.65006995
289.7231	0.65006995
289.8462	0.65006995
289.9692	0.65006995
290.0923	0.65006995
290.2154	0.65006995
290.3385	0.65006995
290.4615	0.65006995
290.5846	0.65006995
290.7077	0.65006995
290.8308	0.65006995
290.9539	0.65006995
291.0769	0.65006995
291.2000	0.65006995
291.3231	0.65006995
291.4462	0.65006995
291.5692	0.65006995
291.6923	0.65006995
291.8154	0.65006995
291.9385	0.65006995
292.0615	0.65006995
292.1846	0.65006995
292.3077	0.65006995
292.4308	0.65006995
292.5538	0.65006995
292.6769	0.65006995
292.8000	0.65006995
292.9231	0.65006995
293.0461	0.65006995
293.1692	0.65006995
293.2923	0.65006995
293.4154	0.65006995
293.5385	0.65006995
293.6615	0.65006995
293.7846	0.65006995
293.9077	0.65006995
294.0308	0.65006995
294.1538	0.65006995
294.2769	0.65006995
294.4000	0.65006995
294.5231	0.65006995
294.6461	0.65006995
294.7692	0.65006995
294.8923	0.65006995
295.0154	0.65006995
295.1385	0.65006995
295.2615	0.65006995
295.3846	0.65006995
295.5077	0.65006995
295.6308	0.65006995
295.7538	0.65006995
295.8769	0.65006995
296.0000	0.65006995
296.1231	0.65006995
296.2462	0.65006995
296.3692	0.65006995
296.4923	0.65006995
296.6154	0.65006995
296.7385	0.65006995
296.8615	0.65006995
296.9846	0.65006995
297.1077	0.65006995
297.2308	0.65006995
297.3539	0.65006995
297.4769	0.65006995
297.6000	0.65006995
297.7231	0.65006995
297.8462	0.65006995
297.9692	0.65006995
298.0923	0.65006995
298.2154	0.65006995
298.3385	0.65006995
298.4615	0.65006995
298.5846	0.65006995
298.7077	0.65006995
298.8308	0.65006995
298.9539	0.65006995
299.0769	0.65006995
299.2000	0.65006995
299.3231	0.65006995
299.4462	0.65006995
299.5692	0.65006995
299.6923	0.65006995
299.8154	0.65006995
299.9385	0.65006995
300.0615	0.65006995
300.1846	0.65006995
300.3077	0.65006995
300.4308	0.65006995
300.5538	0.65006995
300.6769	0.65006995
300.8000	0.65006995
300.9231	0.65006995
301.0461	0.65006995
301.1692	0.65006995
301.2923	0.65006995
301.4154	0.65006995
301.5385	0.65006995
301.6615	0.65006995
301.7846	0.65006995
301.9077	0.65006995
302.0308	0.65006995
302.1538	0.65006995
302.2769	0.65006995
302.4000	0.65006995
302.5231	0.65006995
302.6461	0.65006995
302.7692	0.65006995
302.8923	0.65006995
303.0154	0.65006995
303.1385	0.65006995
303.2615	0.65006995
303.3846	0.65006995
303.5077	0.65006995
303.6308	0.65006995
303.7538	0.65006995
303.8769	0.65006995
304.0000	0.65006995
304.1231	0.65006995
304.2462	0.65006995
304.3692	0.65006995
304.4923	0.65006995
304.6154	0.65006995
304.7385	0.65006995
304.8615	0.65006995
304.9846	0.65006995
305.1077	0.65006995
305.2308	0.65006995
305.3539	0.65006995
305.4769	0.65006995
305.6000	0.65006995
305.7231	0.65006995
305.8462	0.65006995
305.9692	0.65006995
306.0923	0.65006995
306.2154	0.65006995
306.3385	0.65006995
306.4615	0.65006995
306.5846	0.65006995
306.7077	0.65006995
306.8308	0.65006995
306.9539	0.65006995
307.0769	0.65006995
307.2000	0.65006995
307.3231	0.65006995
307.4462	0.65006995
307.5692	0.65006995
307.6923	0.65006995
307.8154	0.65006995
307.9385	0.65006995
308.0615	0.65006995
308.1846	0.65006995
308.3077	0.65006995
308.4308	0.65006995
308.5538	0.65006995
308.6769	0.65006995
308.8000	0.65006995
308.9231	0.65006995
309.0461	0.65006995
309.1692	0.65006995
309.2923	0.65006995
309.4154	0.65006995
309.5385	0.65006995
309.6615	0.65006995
309.7846	0.65006995
309.9077	0.65006995
310.0308	0.65006995
310.1538	0.65006995
310.2769	0.65006995
310.4000	0.65006995
310.5231	0.65006995
310.6461	0.65006995
310.7692	0.65006995
310.8923	0.65006995
311.0154	0.65006995
311.1385	0.65006995
311.2615	0.65006995
311.3846	0.65006995
311.5077	0.65006995
311.6308	0.65006995
311.7538	0.65006995
311.8769	0.65006995
312.0000	0.65006995
312.1231	0.65006995
312.2462	0.65006995
312.3692	0.65006995
312.4923	0.65006995
312.6154	0.65006995
312.7385	0.65006995
312.8615	0.65006995
312.9846	0.65006995
313.1077	0.65006995
313.2308	0.65006995
313.3539	0.65006995
313.4769	0.65006995
313.6000	0.65006995
313.7231	0.65006995
313.8462	0.65006995
313.9692	0.65006995
314.0923	0.65006995
314.2154	0.65006995
314.3385	0.65006995
314.4615	0.65006995
314.5846	0.65006995
314.7077	0.65006995
314.8308	0.65006995
314.9539	0.65006995
315.0769	0.65006995
315.2000	0.65006995
315.3231	0.65006995
315.4462	0.65006995
315.5692	0.65006995
315.6923	0.65006995
315.8154	0.65006995
315.9385	0.65006995
316.0615	0.65006995
316.1846	0.65006995
316.3077	0.65006995
316.4308	0.65006995
316.5538	0.65006995
316.6769	0.65006995
316.8000	0.65006995
316.9231	0.65006995
317.0461	0.65006995
317.1692	0.65006995
317.2923	0.65006995
317.4154	0.65006995
317.5385	0.65006995
317.6615	0.65006995
317.7846	0.65006995
317.9077	0.65006995
318.0308	0.65006995
318.1538	0.65006995
318.2769	0.65006995
318.4000	0.65006995
318.5231	0.65006995
318.6461	0.65006995
318.7692	0.65006995
318.8923	0.65006995
319.0154	0.65006995
319.1385	0.65006995
319.2615	0.65006995
319.3846	0.65006995
319.5077	0.65006995
319.6308	0.65006995
319.7538	0.65006995
319.8769	0.65006995
320.0000	0.65006995
320.1231	0.65006995
320.2462	0.65006995
320.3692	0.65006995
320.4923	0.65006995
320.6154	0.65006995
320.7385	0.65006995
320.8615	0.65006995
320.9846	0.65006995
321.1077	0.65006995
321.2308	0.65006995
321.3539	0.65006995
321.4769	0.65006995
321.6000	0.65006995
321.7231	0.65006995
321.8462	0.65006995
321.9692	0.65006995
322.0923	0.65006995
322.2154	0.65006995
322.3385	0.65006995
322.4615	0.65006995
322.5846	0.65006995
322.7077	0.65006995
322.8308	0.65006995
322.9539	0.65006995
323.0769	0.65006995
323.2000	0.65006995
323.3231	0.65006995
323.4462	0.65006995
323.5692	0.65006995
323.6923	0.65006995
323.8154	0.65006995
323.9385	0.65006995
324.0615	0.65006995
324.1846	0.65006995
324.3077	0.65006995
324.4308	0.65006995
324.5538	0.65006995
324.6769	0.65006995
324.8000	0.65006995
324.9231	0.65006995
325.0461	0.65006995
325.1692	0.65006995
325.2923	0.65006995
325.4154	0.65006995
325.5385	0.65006995
325.6615	0.65006995
325.7846	0.65006995
325.9077	0.65006995
326.0308	0.65006995
326.1538	0.65006995
326.2769	0.65006995
326.4000	0.65006995
326.5231	0.65006995
326.6461	0.65006995
326.7692	0.65006995
326.8923	0.65006995
327.0154	0.65006995
327.1385	0.65006995
327.2615	0.65006995
327.3846	0.65006995
327.5077	0.65006995
327.6308	0.65006995
327.7538	0.65006995
327.8769	0.65006995
328.0000	0.65006995
328.1231	0.65006995
328.2462	0.65006995
328.3692	0.65006995
328.4923	0.65006995
328.6154	0.65006995
328.7385	0.65006995
328.8615	0.65006995
328.9846	0.65006995
329.1077	0.65006995
329.2308	0.65006995
329.3539	0.65006995
329.4769	0.65006995
329.6000	0.65006995
329.7231	0.65006995
329.8462	0.65006995
329.9692	0.65006995
330.0923	0.65006995
330.2154	0.65006995
330.3385	0.65006995
330.4615	0.65006995
330.5846	0.65006995
330.7077	0.65006995
330.8308	0.65006995
330.9539	0.65006995
331.0769	0.65006995
331.2000	0.65006995
331.3231	0.65006995
331.4462	0.65006995
331.5692	0.65006995
331.6923	0.65006995
331.8154	0.65006995
331.9385	0.65006995
332.0615	0.65006995
332.1846	0.65006995
332.3077	0.65006995
332.4308	0.65006995
332.5538	0.65006995
332.6769	0.65006995
332.8000	0.65006995
332.9231	0.65006995
333.0461	0.65006995
333.1692	0.65006995
333.2923	0.65006995
333.4154	0.65006995
333.5385	0.65006995
333.6615	0.65006995
333.7846	0.65006995
333.9077	0.65006995
334.0308	0.65006995
334.1538	0.65006995
334.2769	0.65006995
334.4000	0.65006995
334.5231	0.65006995
334.6461	0.65006995
334.7692	0.65006995
334.8923	0.65006995
335.0154	0.65006995
335.1385	0.65006995
335.2615	0.65006995
335.3846	0.65006995
335.5077	0.65006995
335.6308	0.65006995
335.7538	0.65006995
335.8769	0.65006995
336.0000	0.65006995
336.1231	0.65006995
336.2462	0.65006995
336.3692	0.65006995
336.4923	0.65006995
336.6154	0.65006995
336.7385	0.65006995
336.8615	0.65006995
336.9846	0.65006995
337.1077	0.65006995
337.2308	0.65006995
337.3539	0.65006995
337.4769	0.65006995
337.6000	0.65006995
337.7231	0.65006995
337.8462	0.65006995
337.9692	0.65006995
338.0923	0.65006995
338.2154	0.65006995
338.3385	0.65006995
338.4615	0.65006995
338.5846	0.65006995
338.7077	0.65006995
338.8308	0.65006995
338.9539	0.65006995
339.0769	0.65006995
339.2000	0.65006995
339.3231	0.65006995
339.4462	0.65006995
339.5692	0.65006995
339.6923	0.65006995
339.8154	0.65006995
339.9385	0.65006995
340.0615	0.65006995
340.1846	0.65006995
340.3077	0.65006995
340.4308	0.65006995
340.5538	0.65006995
340.6769	0.65006995
340.8000	0.65006995
340.9231	0.65006995
341.0461	0.65006995
341.1692	0.65006995
341.2923	0.65006995
341.4154	0.65006995
341.5385	0.65006995
341.6615	0.65006995
341.7846	0.65006995
341.9077	0.65006995
342.0308	0.65006995
342.1538	0.65006995
342.2769	0.65006995
342.4000	0.65006995
342.5231	0.65006995
342.6461	0.65006995
342.7692	0.65006995
342.8923	0.65006995
343.0154	0.65006995
343.1385	0.65006995
343.2615	0.65006995
343.3846	0.65006995
343.5077	0.65006995
343.6308	0.65006995
343.7538	0.65006995
343.8769	0.65006995
344.0000	0.65006995
344.1231	0.65006995
344.2462	0.65006995
344.3692	0.65006995
344.4923	0.65006995
344.6154	0.65006995
344.7385	0.65006995
344.8615	0.65006995
344.9846	0.65006995
345.1077	0.65006995
345.2308	0.65006995
345.3539	0.65006995
345.4769	0.65006995
345.6000	0.65006995
345.7231	0.65006995
345.8462	0.65006995
345.9692	0.65006995
346.0923	0.65006995
346.2154	0.65006995
346.3385	0.65006995
346.4615	0.65006995
346.5846	0.65006995
346.7077	0.65006995
346.8308	0.65006995
346.9539	0.65006995
347.0769	0.65006995
347.2000	0.65006995
347.3231	0.65006995
347.4462	0.65006995
347.5692	0.65006995
347.6923	0.65006995
347.8154	0.65006995
347.9385	0.65006995
348.0615	0.65006995
348.1846	0.65006995
348.3077	0.65006995
348.4308	0.65006995
348.5538	0.65006995
348.6769	0.65006995
348.8000	0.65006995
348.9231	0.65006995
349.0461	0.65006995
349.1692	0.65006995
349.2923	0.65006995
349.4154	0.65006995
349.5385	0.65006995
349.6615	0.65006995
349.7846	0.65006995
349.9077	0.65006995
350.0308	0.65006995
350.1538	0.65006995
350.2769	0.65006995
350.4000	0.65006995
350.5231	0.65006995
350.6461	0.65006995
350.7692	0.65006995
350.8923	0.65006995
351.0154	0.65006995
351.1385	0.65006995
351.2615	0.65006995
351.3846	0.65006995
351.5077	0.65006995
351.6308	0.65006995
351.7538	0.65006995
351.8769	0.65006995
352.0000	0.65006995
352.1231	0.65006995
352.2462	0.65006995
352.3692	0.65006995
352.4923	0.65006995
352.6154	0.65006995
352.7385	0.65006995
352.8615	0.65006995
352.9846	0.65006995
353.1077	0.65006995
353.2308	0.65006995
353.3539	0.65006995
353.4769	0.65006995
353.6000	0.65006995
353.7231	0.65006995
353.8462	0.65006995
353.9692	0.65006995
354.0923	0.65006995
354.2154	0.65006995
354.3385	0.65006995
354.4615	0.65006995
354.5846	0.65006995
354.7077	0.65006995
354.8308	0.65006995
354.9539	0.65006995
355.0769	0.65006995
355.2000	0.65006995
355.3231	0.65006995
355.4462	0.65006995
355.5692	0.65006995
355.6923	0.65006995
355.8154	0.65006995
355.9385	0.65006995
356.0615	0.65006995
356.1846	0.65006995
356.3077	0.65006995
356.4308	0.65006995
356.5538	0.65006995
356.6769	0.65006995
356.8000	0.65006995
356.9231	0.65006995
357.0461	0.65006995
357.1692	0.65006995
357.2923	0.65006995
357.4154	0.65006995
357.5385	0.65006995
357.6615	0.65006995
357.7846	0.65006995
357.9077	0.65006995
358.0308	0.65006995
358.1538	0.65006995
358.2769	0.65006995
358.4000	0.65006995
358.5231	0.65006995
358.6461	0.65006995
358.7692	0.65006995
358.8923	0.65006995
359.0154	0.65006995
359.1385	0.65006995
359.2615	0.65006995
359.3846	0.65006995
359.5077	0.65006995
359.6308	0.65006995
359.7538	0.65006995
359.8769	0.65006995
360.0000	0.65006995
360.1231	0.65006995
360.2462	0.65006995
360.3692	0.65006995
360.4923	0.65006995
360.6154	0.65006995
360.7385	0.65006995
360.8615	0.65006995
360.9846	0.65006995
361.1077	0.65006995
361.2308	0.65006995
361.3539	0.65006995
361.4769	0.65006995
361.6000	0.65006995
361.7231	0.65006995
361.8462	0.65006995
361.9692	0.65006995
362.0923	0.65006995
362.2154	0.65006995
362.3385	0.65006995
362.4615	0.65006995
362.5846	0.65006995
362.7077	0.65006995
362.8308	0.65006995
362.9539	0.65006995
363.0769	0.65006995
363.2000	0.65006995
363.3231	0.65006995
363.4462	0.65006995
363.5692	0.65006995
363.6923	0.65006995
363.8154	0.65006995
363.9385	0.65006995
364.0615	0.65006995
364.1846	0.65006995
364.3077	0.65006995
364.4308	0.65006995
364.5538	0.65006995
364.6769	0.65006995
364.8000	0.65006995
364.9231	0.65006995
365.0461	0.65006995
365.1692	0.65006995
365.2923	0.65006995
365.4154	0.65006995
365.5385	0.65006995
365.6615	0.65006995
365.7846	0.65006995
365.9077	0.65006995
366.0308	0.65006995
366.1538	0.65006995
366.2769	0.65006995
366.4000	0.65006995
366.5231	0.65006995
366.6461	0.65006995
366.7692	0.65006995
366.8923	0.65006995
367.0154	0.65006995
367.1385	0.65006995
367.2615	0.65006995
367.3846	0.65006995
367.5077	0.65006995
367.6308	0.65006995
367.7538	0.65006995
367.8769	0.65006995
368.0000	0.65006995
368.1231	0.65006995
368.2462	0.65006995
368.3692	0.65006995
368.4923	0.65006995
368.6154	0.65006995
368.7385	0.65006995
368.8615	0.65006995
368.9846	0.65006995
369.1077	0.65006995
369.2308	0.65006995
369.3539	0.65006995
369.4769	0.65006995
369.6000	0.65006995
369.7231	0.65006995
369.8462	0.65006995
369.9692	0.65006995
370.0923	0.65006995
370.2154	0.65006995
370.3385	0.65006995
370.4615	0.65006995
370.5846	0.65006995
370.7077	0.65006995
370.8308	0.65006995
370.9539	0.65006995
371.0769	0.65006995
371.2000	0.65006995
371.3231	0.65006995
371.4462	0.65006995
371.5692	0.65006995
371.6923	0.65006995
371.8154	0.65006995
371.9385	0.65006995
372.0615	0.65006995
372.1846	0.65006995
372.3077	0.65006995
372.4308	0.65006995
372.5538	0.65006995
372.6769	0.65006995
372.8000	0.65006995
372.9231	0.65006995
373.0461	0.65006995
373.1692	0.65006995
373.2923	0.65006995
373.4154	0.65006995
373.5385	0.65006995
373.6615	0.65006995
373.7846	0.65006995
373.9077	0.65006995
374.0308	0.65006995
374.1538	0.65006995
374.2769	0.65006995
374.4000	0.65006995
374.5231	0.65006995
374.6461	0.65006995
374.7692	0.65006995
374.8923	0.65006995
375.0154	0.65006995
375.1385	0.65006995
375.2615	0.65006995
375.3846	0.65006995
375.5077	0.65006995
375.6308	0.65006995
375.7538	0.65006995
375.8769	0.65006995
376.0000	0.65006995
376.1231	0.65006995
376.2462	0.65006995
376.3692	0.65006995
376.4923	0.65006995
376.6154	0.65006995
376.7385	0.65006995
376.8615	0.65006995
376.9846	0.65006995
377.1077	0.65006995
377.2308	0.65006995
377.3539	0.65006995
377.4769	0.65006995
377.6000	0.65006995
377.7231	0.65006995
377.8462	0.65006995
377.9692	0.65006995
378.0923	0.65006995
378.2154	0.65006995
378.3385	0.65006995
378.4615	0.65006995
378.5846	0.65006995
378.7077	0.65006995
378.8308	0.65006995
378.9539	0.65006995
379.0769	0.65006995
379.2000	0.65006995
379.3231	0.65006995
379.4462	0.65006995
379.5692	0.65006995
379.6923	0.65006995
379.8154	0.65006995
379.9385	0.65006995
380.0615	0.65006995
380.1846	0.65006995
380.3077	0.65006995
380.4308	0.65006995
380.5538	0.65006995
380.6769	0.65006995
380.8000	0.65006995
380.9231	0.65006995
381.0461	0.65006995
381.1692	0.65006995
381.2923	0.65006995
381.4154	0.65006995
381.5385	0.65006995
381.6615	0.65006995
381.7846	0.65006995
381.9077	0.65006995
382.0308	0.65006995
382.1538	0.65006995
382.2769	0.65006995
382.4000	0.65006995
382.5231	0.65006995
382.6461	0.65006995
382.7692	0.65006995
382.8923	0.65006995
383.0154	0.65006995
383.1385	0.65006995
383.2615	0.65006995
383.3846	0.65006995
383.5077	0.65006995
383.6308	0.65006995
383.7538	0.65006995
383.8769	0.65006995
384.0000	0.65006995
384.1231	0.65006995
384.2462	0.65006995
384.3692	0.65006995
384.4923	0.65006995
384.6154	0.65006995
384.7385	0.65006995
384.8615	0.65006995
384.9846	0.65006995
385.1077	0.65006995
385.2308	0.65006995
385.3539	0.65006995
385.4769	0.65006995
385.6000	0.65006995
385.7231	0.65006995
385.8462	0.65006995
385.9692	0.65006995
386.0923	0.65006995
386.2154	0.65006995
386.3385	0.65006995
386.4615	0.65006995
386.5846	0.65006995
386.7077	0.65006995
386.8308	0.65006995
386.9539	0.65006995
387.0769	0.65006995
387.2000	0.65006995
387.3231	0.65006995
387.4462	0.65006995
387.5692	0.65006995
387.6923	0.65006995
387.8154	0.65006995
387.9385	0.65006995
388.0615	0.65006995
388.1846	0.65006995
388.3077	0.65006995
388.4308	0.65006995
388.5538	0.65006995
388.6769	0.65006995
388.8000	0.65006995
388.9231	0.65006995
389.0461	0.65006995
389.1692	0.65006995
389.2923	0.65006995
389.4154	0.65006995
389.5385	0.65006995
389.6615	0.65006995
389.7846	0.65006995
389.9077	0.65006995
390.0308	0.65006995
390.1538	0.65006995
390.2769	0.65006995
390.4000	0.65006995
390.5231	0.65006995
390.6461	0.65006995
390.7692	0.65006995
390.8923	0.65006995
391.0154	0.65006995
391.1385	0.65006995
391.2615	0.65006995
391.3846	0.65006995
391.5077	0.65006995
391.6308	0.65006995
391.7538	0.65006995
391.8769	0.65006995
392.0000	0.65006995
392.1231	0.65006995
392.2462	0.65006995
392.3692	0.65006995
392.4923	0.65006995
392.6154	0.65006995
392.7385	0.65006995
392.8615	0.65006995
392.9846	0.65006995
393.1077	0.65006995
393.2308	0.65006995
393.3539	0.65006995
393.4769	0.65006995
393.6000	0.65006995
393.7231	0.65006995
393.8462	0.65006995
393.9692	0.65006995
394.0923	0.65006995
394.2154	0.65006995
394.3385	0.65006995
394.4615	0.65006995
394.5846	0.65006995
394.7077	0.65006995
394.8308	0.65006995
394.9539	0.65006995
395.0769	0.65006995
395.2000	0.65006995
395.3231	0.65006995
395.4462	0.65006995
395.5692	0.65006995
395.6923	0.65006995
395.8154	0.65006995
395.9385	0.65006995
396.0615	0.65006995
396.1846	0.65006995
396.3077	0.65006995
396.4308	0.65006995
396.5538	0.65006995
396.6769	0.65006995
396.8000	0.65006995
396.9231	0.65006995
397.0461	0.65006995
397.1692	0.65006995
397.2923	0.65006995
397.4154	0.65006995
397.5385	0.65006995
397.6615	0.65006995
397.7846	0.65006995
397.9077	0.65006995
398.0308	0.65006995
398.1538	0.65006995
398.2769	0.65006995
398.4000	0.65006995
398.5231	0.65006995
398.6461	0.65006995
398.7692	0.65006995
398.8923	0.65006995
399.0154	0.65006995
399.1385	0.65006995
399.2615	0.65006995
399.3846	0.65006995
399.5077	0.65006995
399.6308	0.65006995
399.7538	0.65006995
399.8769	0.65006995
400.0000	0.65006995
400.1231	0.65006995
400.2462	0.65006995
400.3692	0.65006995
400.4923	0.65006995
400.6154	0.65006995
400.7385	0.65006995
400.8615	0.65006995
400.9846	0.65006995
401.1077	0.65006995
401.2308	0.65006995
401.3539	0.65006995
401.4769	0.65006995
401.6000	0.65006995
401.7231	0.65006995
401.8462	0.65006995
401.9692	0.65006995
402.0923	0.65006995
402.2154	0.65006995
402.3385	0.65006995
402.4615	0.65006995
402.5846	0.65006995
402.7077	0.65006995
402.8308	0.65006995
402.9539	0.65006995
403.0769	0.65006995
403.2000	0.65006995
403.3231	0.65006995
403.4462	0.65006995
403.5692	0.65006995
403.6923	0.65006995
403.8154	0.65006995
403.9385	0.65006995
404.0615	0.65006995
404.1846	0.65006995
404.3077	0.65006995
404.4308	0.65006995
404.5538	0.65006995
404.6769	0.65006995
404.8000	0.65006995
404.9231	0.65006995
405.0461	0.65006995
405.1692	0.65006995
405.2923	0.65006995
405.4154	0.65006995
405.5385	0.65006995
405.6615	0.65006995
405.7846	0.65006995
405.9077	0.65006995
406.0308	0.65006995
406.1538	0.65006995
406.2769	0.65006995
406.4000	0.65006995
406.5231	0.65006995
406.6461	0.65006995
406.7692	0.65006995
406.8923	0.65006995
407.0154	0.65006995
407.1385	0.65006995
407.2615	0.65006995
407.3846	0.65006995
407.5077	0.65006995
407.6308	0.65006995
407.7538	0.65006995
407.8769	0.65006995
408.0000	0.65006995
408.1231	0.65006995
408.2462	0.65006995
408.3692	0.65006995
408.4923	0.65006995
408.6154	0.65006995
408.7385	0.65006995
408.8615	0.65006995
408.9846	0.65006995
409.1077	0.65006995
409.2308	0.65006995
409.3539	0.65006995
409.4769	0.65006995
409.6000	0.65006995
409.7231	0.65006995
409.8462	0.65006995
409.9692	0.65006995
410.0923	0.65006995
410.2154	0.65006995
410.3385	0.65006995
410.4615	0.65006995
410.5846	0.65006995
410.7077	0.65006995
410.8308	0.65006995
410.9539	0.65006995
411.0769	0.65006995
411.2000	0.65006995
411.3231	0.65006995
411.4462	0.65006995
411.5692	0.65006995
411.6923	0.65006995
411.8154	0.65006995
411.9385	0.65006995
412.0615	0.65006995
412.1846	0.65006995
412.3077	0.65006995
412.4308	0.65006995
412.5538	0.65006995
412.6769	0.65006995
412.8000	0.65006995
412.9231	0.65006995
413.0461	0.65006995
413.1692	0.65006995
413.2923	0.65006995
413.4154	0.65006995
413.5385	0.65006995
413.6615	0.65006995
413.7846	0.65006995
413.9077	0.65006995
414.0308	0.65006995
414.1538	0.65006995
414.2769	0.65006995
414.4000	0.65006995
414.5231	0.65006995
414.6461	0.65006995
414.7692	0.65006995
414.8923	0.65006995
415.0154	0.65006995
415.1385	0.65006995
415.2615	0.65006995
415.3846	0.65006995
415.5077	0.65006995
415.6308	0.65006995
415.7538	0.65006995
415.8769	0.65006995
416.0000	0.65006995
416.1231	0.65006995
416.2462	0.65006995
416.3692	0.65006995
416.4923	0.65006995
416.6154	0.65006995
416.7385	0.65006995
416.8615	0.65006995
416.9846	0.65006995
417.1077	0.65006995
417.2308	0.65006995
417.3539	0.65006995
417.4769	0.65006995
417.6000	0.65006995
417.7231	0.65006995
417.8462	0.65006995
417.9692	0.65006995
418.0923	0.65006995
418.2154	0.65006995
418.3385	0.65006995
418.4615	0.65006995
418.5846	0.65006995
418.7077	0.65006995
418.8308	0.65006995
418.9539	0.65006995
419.0769	0.65006995
419.2000	0.65006995
419.3231	0.65006995
419.4462	0.65006995
419.5692	0.65006995
419.6923	0.65006995
419.8154	0.65006995
419.9385	0.65006995
420.0615	0.65006995
420.1846	0.65006995
420.3077	0.65006995
420.4308	0.65006995
420.5538	0.65006995
420.6769	0.65006995
420.8000	0.65006995
420.9231	0.65006995
421.0461	0.65006995
421.1692	0.65006995
421.2923	0.65006995
421.4154	0.65006995
421.5385	0.65006995
421.6615	0.65006995
421.7846	0.65006995
421.9077	0.65006995
422.0308	0.65006995
422.1538	0.65006995
422.2769	0.65006995
422.4000	0.65006995
422.5231	0.65006995
422.6461	0.65006995
422.7692	0.65006995
422.8923	0.65006995
423.0154	0.65006995
423.1385	0.65006995
423.2615	0.65006995
423.3846	0.65006995
423.5077	0.65006995
423.6308	0.65006995
423.7538	0.65006995
423.8769	0.65006995
424.0000	0.65006995
424.1231	0.65006995
424.2462	0.65006995
424.3692	0.65006995
424.4923	0.65006995
424.6154	0.65006995
424.7385	0.65006995
424.8615	0.65006995
424.9846	0.65006995
425.1077	0.65006995
425.2308	0.65006995
425.3539	0.65006995
425.4769	0.65006995
425.6000	0.65006995
425.7231	0.65006995
425.8462	0.65006995
425.9692	0.65006995
426.0923	0.65006995
426.2154	0.65006995
426.3385	0.65006995
426.4615	0.65006995
426.5846	0.65006995
426.7077	0.65006995
426.8308	0.65006995
426.9539	0.65006995
427.0769	0.65006995
427.2000	0.65006995
427.3231	0.65006995
427.4462	0.65006995
427.5692	0.65006995
427.6923	0.65006995
427.8154	0.65006995
427.9385	0.65006995
428.0615	0.65006995
428.1846	0.65006995
428.3077	0.65006995
428.4308	0.65006995
428.5538	0.65006995
428.6769	0.65006995
428.8000	0.65006995
428.9231	0.65006995
429.0461	0.65006995
429.1692	0.65006995
429.2923	0.65006995
429.4154	0.65006995
429.5385	0.65006995
429.6615	0.65006995
429.7846	0.65006995
429.9077	0.65006995
430.0308	0.65006995
430.1538	0.65006995
430.2769	0.65006995
430.4000	0.65006995
430.5231	0.65006995
430.6461	0.65006995
430.7692	0.65006995
430.8923	0.65006995
431.0154	0.65006995
431.1385	0.65006995
431.2615	0.65006995
431.3846	0.65006995
431.5077	0.65006995
431.6308	0.65006995
431.7538	0.65006995
431.8769	0.65006995
432.0000	0.65006995
432.1231	0.65006995
432.2462	0.65006995
432.3692	0.65006995
432.4923	0.65006995
432.6154	0.65006995
432.7385	0.65006995
432.8615	0.65006995
432.9846	0.65006995
433.1077	0.65006995
433.2308	0.65006995
433.3539	0.65006995
433.4769	0.65006995
433.6000	0.65006995
433.7231	0.65006995
433.8462	0.65006995
433.9692	0.65006995
434.0923	0.65006995
434.2154	0.65006995
434.3385	0.65006995
434.4615	0.65006995
434.5846	0.65006995
434.7077	0.65006995
434.8308	0.65006995
434.9539	0.65006995
435.0769	0.65006995
435.2000	0.65006995
435.3231	0.65006995
435.4462	0.65006995
435.5692	0.65006995
435.6923	0.65006995
435.8154	0.65006995
435.9385	0.65006995
436.0615	0.65006995
436.1846	0.65006995
436.3077	0.65006995
436.4308	0.65006995
436.5538	0.65006995
436.6769	0.65006995
436.8000	0.65006995
436.9231	0.65006995
437.0461	0.65006995
437.1692	0.65006995
437.2923	0.65006995
437.4154	0.65006995
437.5385	0.65006995
437.6615	0.65006995
437.7846	0.65006995
437.9077	0.65006995
438.0308	0.65006995
438.1538	0.65006995
438.2769	0.65006995
438.4000	0.65006995
438.5231	0.65006995
438.6461	0.65006995
438.7692	0.65006995
438.8923	0.65006995
439.0154	0.65006995
439.1385	0.65006995
439.2615	0.65006995
439.3846	0.65006995
439.5077	0.65006995
439.6308	0.65006995
439.7538	0.65006995
439.8769	0.65006995
440.0000	0.65006995
440.1231	0.65006995
440.2462	0.65006995
440.3692	0.65006995
440.4923	0.65006995
440.6154	0.65006995
440.7385	0.65006995
440.8615	0.65006995
440.9846	0.65006995
441.1077	0.65006995
441.2308	0.65006995
441.3539	0.65006995
441.4769	0.65006995
441.6000	0.65006995
441.7231	0.65006995
441.8462	0.65006995
441.9692	0.65006995
442.0923	0.65006995
442.2154	0.65006995
442.3385	0.65006995
442.4615	0.65006995
442.5846	0.65006995
442.7077	0.65006995
442.8308	0.65006995
442.9539	0.65006995
443.0769	0.65006995
443.2000	0.65006995
443.3231	0.65006995
443.4462	0.65006995
443.5692	0.65006995
443.6923	0.65006995
443.8154	0.65006995
443.9385	0.65006995
444.0615	0.65006995
444.1846	0.65006995
444.3077	0.65006995
444.4308	0.65006995
444.5538	0.65006995
444.6769	0.65006995
444.8000	0.65006995
444.9231	0.65006995
445.0461	0.65006995
445.1692	0.65006995
445.2923	0.65006995
445.4154	0.65006995
445.5385	0.65006995
445.6615	0.65006995
445.7846	0.65006995
445.9077	0.65006995
446.0308	0.65006995
446.1538	0.65006995
446.2769	0.65006995
446.4000	0.65006995
446.5231	0.65006995
446.6461	0.65006995
446.7692	0.65006995
446.8923	0.65006995
447.0154	0.65006995
447.1385	0.65006995
447.2615	0.65006995
447.3846	0.65006995
447.5077	0.65006995
447.6308	0.65006995
447.7538	0.65006995
447.8769	0.65006995
448.0000	0.65006995
448.1231	0.65006995
448.2462	0.65006995
448.3692	0.65006995
448.4923	0.65006995
448.6154	0.65006995
448.7385	0.65006995
448.8615	0.65006995
448.9846	0.65006995
449.1077	0.65006995
449.2308	0.65006995
449.3539	0.65006995
449.4769	0.65006995
449.6000	0.65006995
449.7231	0.65006995
449.8462	0.65006995
449.9692	0.65006995
450.0923	0.65006995
450.2154	0.65006995
450.3385	0.65006995
450.4615	0.65006995
450.5846	0.65006995
450.7077	0.65006995
450.8308	0.65006995
450.9539	0.65006995
451.0769	0.65006995
451.2000	0.65006995
451.3231	0.65006995
451.4462	0.65006995
451.5692	0.65006995
451.6923	0.65006995
451.8154	0.65006995
451.9385	0.65006995
452.0615	0.65006995
452.1846	0.65006995
452.3077	0.65006995
452.4308	0.65006995
452.5538	0.65006995
452.6769	0.65006995
452.8000	0.65006995
452.9231	0.65006995
453.0461	0.65006995
453.1692	0.65006995
453.2923	0.65006995
453.4154	0.65006995
453.5385	0.65006995
453.6615	0.65006995
453.7846	0.65006995
453.9077	0.65006995
454.0308	0.65006995
454.1538	0.65006995
454.2769	0.65006995
454.4000	0.65006995
454.5231	0.65006995
454.6461	0.65006995
454.7692	0.65006995
454.8923	0.65006995
455.0154	0.65006995
455.1385	0.65006995
455.2615	0.65006995
455.3846	0.65006995
455.5077	0.65006995
455.6308	0.65006995
455.7538	0.65006995
455.8769	0.65006995
456.0000	0.65006995
456.1231	0.65006995
456.2462	0.65006995
456.3692	0.65006995
456.4923	0.65006995
456.6154	0.65006995
456.7385	0.65006995
456.8615	0.65006995
456.9846	0.65006995
457.1077	0.65006995
457.2308	0.65006995
457.3539	0.65006995
457.4769	0.65006995
457.6000	0.65006995
457.7231	0.65006995
457.8462	0.65006995
457.9692	0.65006995
458.0923	0.65006995
458.2154	0.65006995
458.3385	0.65006995
458.4615	0.65006995
458.5846	0.65006995
458.7077	0.65006995
458.8308	0.65006995
458.9539	0.65006995
459.0769	0.65006995
459.2000	0.65006995
459.3231	0.65006995
459.4462	0.65006995
459.5692	0.65006995
459.6923	0.65006995
459.8154	0.65006995
459.9385	0.65006995
460.0615	0.65006995
460.1846	0.65006995
460.3077	0.65006995
460.4308	0.65006995
460.5538	0.65006995
460.6769	0.65006995
460.8000	0.65006995
460.9231	0.65006995
461.0461	0.65006995
461.1692	0.65006995
461.2923	0.65006995
461.4154	0.65006995
461.5385	0.65006995
461.6615	0.65006995
461.7846	0.65006995
461.9077	0.65006995
462.0308	0.65006995
462.1538	0.65006995
462.2769	0.65006995
462.4000	0.65006995
462.5231	0.65006995
462.6461	0.65006995
462.7692	0.65006995
462.8923	0.65006995
463.0154	0.65006995
463.1385	0.65006995
463.2615	0.65006995
463.3846	0.65006995
463.5077	0.65006995
463.6308	0.65006995
463.7538	0.65006995
463.8769	0.65006995
464.0000	0.65006995
464.1231	0.65006995
464.2462	0.65006995
464.3692	0.65006995
464.4923	0.65006995
464.6154	0.65006995
464.7385	0.65006995
464.8615	0.65006995
464.9846	0.65006995
465.1077	0.65006995
465.2308	0.65006995
465.3539	0.65006995
465.4769	0.65006995
465.6000	0.65006995
465.7231	0.65006995
465.8462	0.65006995
465.9692	0.65006995
466.0923	0.65006995
466.2154	0.65006995
466.3385	0.65006995
466.4615	0.65006995
466.5846	0.65006995
466.7077	0.65006995
466.8308	0.65006995
466.9539	0.65006995
467.0769	0.65006995
467.2000	0.65006995
467.3231	0.65006995
467.4462	0.65006995
467.5692	0.65006995
467.6923	0.65006995
467.8154	0.65006995
467.9385	0.65006995
468.0615	0.65006995
468.1846	0.65006995
468.3077	0.65006995
468.4308	0.65006995
468.5538	0.65006995
468.6769	0.65006995
468.8000	0.65006995
468.9231	0.65006995
469.0461	0.65006995
469.1692	0.65006995
469.2923	0.65006995
469.4154	0.65006995
469.5385	0.65006995
469.6615	0.65006995
469.7846	0.65006995
469.9077	0.65006995
470.0308	0.65006995
470.1538	0.65006995
470.2769	0.65006995
470.4000	0.65006995
470.5231	0.65006995
470.6461	0.65006995
470.7692	0.65006995
470.8923	0.65006995
471.0154	0.65006995
471.1385	0.65006995
471.2615	0.65006995
471.3846	0.65006995
471.5077	0.65006995
471.6308	0.65006995
471.7538	0.65006995
471.8769	0.65006995
472.0000	0.65006995
472.1231	0.65006995
472.2462	0.65006995
472.3692	0.65006995
472.4923	0.65006995
472.6154	0.65006995
472.7385	0.65006995
472.8615	0.65006995
472.9846	0.65006995
473.1077	0.65006995
473.2308	0.65006995
473.3539	0.65006995
473.4769	0.65006995
473.6000	0.65006995
473.7231	0.65006995
473.8462	0.65006995
473.9692	0.65006995
474.0923	0.65006995
474.2154	0.65006995
474.3385	0.65006995
474.4615	0.65006995
474.5846	0.65006995
474.7077	0.65006995
474.8308	0.65006995
474.9539	0.65006995
475.0769	0.65006995
475.2000	0.65006995
475.3231	0.65006995
475.4462	0.65006995
475.5692	0.65006995
475.6923	0.65006995
475.8154	0.65006995
475.9385	0.65006995
476.0615	0.65006995
476.1846	0.65006995
476.3077	0.65006995
476.4308	0.65006995
476.5538	0.65006995
476.6769	0.65006995
476.8000	0.65006995
476.9231	0.65006995
477.0461	0.65006995
477.1692	0.65006995
477.2923	0.65006995
477.4154	0.65006995
477.5385	0.65006995
477.6615	0.65006995
477.7846	0.65006995
477.9077	0.65006995
478.0308	0.65006995
478.1538	0.65006995
478.2769	0.65006995
478.4000	0.65006995
478.5231	0.65006995
478.6461	0.65006995
478.7692	0.65006995
478.8923	0.65006995
479.0154	0.65006995
479.1385	0.65006995
479.2615	0.65006995
479.3846	0.65006995
479.5077	0.65006995
479.6308	0.65006995
479.7538	0.65006995
479.8769	0.65006995
480.0000	0.65006995
480.1231	0.65006995
480.2462	0.65006995
480.3692	0.65006995
480.4923	0.65006995
480.6154	0.65006995
480.7385	0.65006995
480.8615	0.65006995
480.9846	0.65006995
481.1077	0.65006995
481.2308	0.65006995
481.3539	0.65006995
481.4769	0.65006995
481.6000	0.65006995
481.7231	0.65006995
481.8462	0.65006995
481.9692	0.65006995
482.0923	0.65006995
482.2154	0.65006995
482.3385	0.65006995
482.4615	0.65006995
482.5846	0.65006995
482.7077	0.65006995
482.8308	0.65006995
482.9539	0.65006995
483.0769	0.65006995
483.2000	0.65006995
483.3231	0.65006995
483.4462	0.65006995
483.5692	0.65006995
483.6923	0.65006995
483.8154	0.65006995
483.9385	0.65006995
484.0615	0.65006995
484.1846	0.65006995
484.3077	0.65006995
484.4308	0.65006995
484.5538	0.65006995
484.6769	0.65006995
484.8000	0.65006995
484.9231	0.65006995
485.0461	0.65006995
485.1692	0.65006995
485.2923	0.65006995
485.4154	0.65006995
485.5385	0.65006995
485.6615	0.65006995
485.7846	0.65006995
485.9077	0.65006995
486.0308	0.65006995
486.1538	0.65006995
486.2769	0.65006995
486.4000	0.65006995
486.5231	0.65006995
486.6461	0.65006995
486.7692	0.65006995
486.8923	0.65006995
487.0154	0.65006995
487.1385	0.65006995
487.2615	0.65006995
487.3846	0.65006995
487.5077	0.65006995
487.6308	0.65006995
487.7538	0.65006995
487.8769	0.65006995
488.0000	0.65006995
488.1231	0.65006995
488.2462	0.65006995
488.3692	0.65006995
488.4923	0.65006995
488.6154	0.65006995
488.7385	0.65006995
488.8615	0.65006995
488.9846	0.65006995
489.1077	0.65006995
489.2308	0.65006995
489.3539	0.65006995
489.4769	0.65006995
489.6000	0.65006995
489.7231	0.65006995
489.8462	0.65006995
489.9692	0.65006995
490.0923	0.65006995
490.2154	0.65006995
490.3385	0.65006995
490.4615	0.65006995
490.5846	0.65006995
490.7077	0.65006995
490.8308	0.65006995
490.9539	0.65006995
491.0769	0.65006995
491.2000	0.65006995
491.3231	0.65006995
491.4462	0.65006995
491.5692	0.65006995
491.6923	0.65006995
491.8154	0.65006995
491.9385	0.65006995
492.0615	0.65006995
492.1846	0.65006995
492.3077	0.65006995
492.4308	0.65006995
492.5538	0.65006995
492.6769	0.65006995
492.8000	0.65006995
492.9231	0.65006995
493.0461	0.65006995
493.1692	0.65006995
493.2923	0.65006995
493.4154	0.65006995
493.5385	0.65006995
493.6615	0.65006995
493.7846	0.65006995
493.9077	0.65006995
494.0308	0.65006995
494.1538	0.65006995
494.2769	0.65006995
494.4000	0.65006995
494.5231	0.65006995
494.6461	0.65006995
494.7692	0.65006995
494.8923	0.65006995
495.0154	0.65006995
495.1385	0.65006995
495.2615	0.65006995
495.3846	0.65006995
495.5077	0.65006995
495.6308	0.65006995
495.7538	0.65006995
495.8769	0.65006995
496.0000	0.65006995
496.1231	0.65006995
496.2462	0.65006995
496.3692	0.65006995
496.4923	0.65006995
496.6154	0.65006995
496.7385	0.65006995
496.8615	0.65006995
496.9846	0.65006995
497.1077	0.65006995
497.2308	0.65006995
497.3539	0.65006995
497.4769	0.65006995
497.6000	0.65006995
497.7231	0.65006995
497.8462	0.65006995
497.9692	0.65006995
498.0923	0.65006995
498.2154	0.65006995
498.3385	0.65006995
498.4615	0.65006995
498.5846	0.65006995
498.7077	0.65006995
498.8308	0.65006995
498.9539	0.65006995
499.0769	0.65006995
499.2000	0.65006995
499.3231	0.65006995
499.4462	0.65006995
499.5692	0.65006995
499.6923	0.65006995
499.8154	0.65006995
499.9385	0.65006995
500.0615	0.65006995
500.1846	0.65006995
500.3077	0.65006995
500.4308	0.65006995
500.5538	0.65006995
500.6769	0.65006995
500.8000	0.65006995
500.9231	0.65006995
501.0461	0.65006995
501.1692	0.65006995
501.2923	0.65006995
501.4154	0.65006995
501.5385	0.65006995
501.6615	0.65006995
501.7846	0.65006995
501.9077	0.65006995
502.0308	0.65006995
502.1538	0.65006995
502.2769	0.65006995
502.4000	0.65006995
502.5231	0.65006995
502.6461	0.65006995
502.7692	0.65006995
502.8923	0.65006995
503.0154	0.65006995
503.1385	0.65006995
503.2615	0.65006995
503.3846	0.65006995
503.5077	0.65006995
503.6308	0.65006995
503.7538	0.65006995
503.8769	0.65006995
504.0000	0.65006995
