# TMM+ASM Intensity at z=40, theta=15.0 deg
# Wavelength: 520 nm, CG: 550um n=1.52
# AR: SiO2(34.6)/TiO2(25.9)/SiO2(20.7)/TiO2(169.5) nm
# Columns: x_um	intensity
# N_points: 4096
0.0000	0.65215409
0.1231	0.64573395
0.2462	0.63984370
0.3692	0.63764876
0.4923	0.62632662
0.6154	0.62076449
0.7385	0.62562639
0.8615	0.62779844
0.9846	0.63214517
1.1077	0.63417345
1.2308	0.63491261
1.3538	0.64294708
1.4769	0.65359747
1.6000	0.65947837
1.7231	0.65406269
1.8462	0.65194082
1.9692	0.65427899
2.0923	0.64616942
2.2154	0.64212209
2.3385	0.64317238
2.4615	0.63184905
2.5846	0.61947173
2.7077	0.62329304
2.8308	0.62944973
2.9538	0.62774187
3.0769	0.62957001
3.2000	0.63445038
3.3231	0.63888472
3.4462	0.64478076
3.5692	0.65595257
3.6923	0.65990472
3.8154	0.65133095
3.9385	0.65378982
4.0615	0.65365118
4.1846	0.64561695
4.3077	0.64671218
4.4308	0.63933420
4.5538	0.62708831
4.6769	0.62166256
4.8000	0.62536466
4.9231	0.63097233
5.0462	0.62410825
5.1692	0.62684804
5.2923	0.63565588
5.4154	0.63700306
5.5385	0.64732277
5.6615	0.65563303
5.7846	0.65556067
5.9077	0.65434217
6.0308	0.65218794
6.1538	0.65446585
6.2769	0.65430737
6.4000	0.64630377
6.5231	0.63578320
6.6462	0.62817448
6.7692	0.62859553
6.8923	0.62860173
7.0154	0.62295842
7.1385	0.62458348
7.2615	0.62791115
7.3846	0.62650824
7.5077	0.63612241
7.6308	0.64964867
7.7538	0.65084457
7.8769	0.64869499
8.0000	0.65317053
8.1231	0.65868813
8.2462	0.65796918
8.3692	0.65480870
8.4923	0.64969158
8.6154	0.63940561
8.7385	0.63317418
8.8615	0.63533807
8.9846	0.63011253
9.1077	0.62190813
9.2308	0.62400448
9.3538	0.62142599
9.4769	0.62343228
9.6000	0.63623476
9.7231	0.64132720
9.8462	0.64177781
9.9692	0.64201808
10.0923	0.65381563
10.2154	0.66207922
10.3385	0.65522075
10.4615	0.65911287
10.5846	0.65410066
10.7077	0.64416164
10.8308	0.64583558
10.9538	0.64114070
11.0769	0.63577622
11.2000	0.62580705
11.3231	0.62027419
11.4462	0.62288499
11.5692	0.62348628
11.6923	0.63057822
11.8154	0.62897116
11.9385	0.62803650
12.0615	0.64029294
12.1846	0.64896256
12.3077	0.65192038
12.4308	0.65520835
12.5538	0.65976983
12.6769	0.65411633
12.8000	0.65246141
12.9231	0.65895808
13.0462	0.65269428
13.1692	0.64060152
13.2923	0.63139105
13.4154	0.63250548
13.5385	0.62967092
13.6615	0.62279177
13.7846	0.62566173
13.9077	0.61954618
14.0308	0.62090588
14.1538	0.63138437
14.2769	0.63564897
14.4000	0.64270997
14.5231	0.64459258
14.6462	0.64825416
14.7692	0.65377182
14.8923	0.65903664
15.0154	0.66491425
15.1385	0.65640026
15.2615	0.64870083
15.3846	0.65041035
15.5077	0.64724803
15.6308	0.63947159
15.7538	0.63464797
15.8769	0.62727374
16.0000	0.61987829
16.1231	0.62209845
16.2462	0.62416732
16.3692	0.62595111
16.4923	0.62544352
16.6154	0.62713981
16.7385	0.63589156
16.8615	0.64208525
16.9846	0.65425223
17.1077	0.65428925
17.2308	0.64873761
17.3538	0.66008025
17.4769	0.66193652
17.6000	0.65762663
17.7231	0.65496033
17.8462	0.65088630
17.9692	0.64256275
18.0923	0.63212633
18.2154	0.63735956
18.3385	0.63458335
18.4615	0.61896396
18.5846	0.61628842
18.7077	0.62294215
18.8308	0.62486202
18.9538	0.62403393
19.0769	0.63270921
19.2000	0.63432902
19.3231	0.63531017
19.4462	0.64834106
19.5692	0.65589505
19.6923	0.65837598
19.8154	0.65544397
19.9385	0.65831530
20.0615	0.65974188
20.1846	0.65458840
20.3077	0.65962541
20.4308	0.64802426
20.5538	0.63375533
20.6769	0.63652426
20.8000	0.63339853
20.9231	0.62785918
21.0462	0.62075394
21.1692	0.61955035
21.2923	0.62055576
21.4154	0.61788827
21.5385	0.62921947
21.6615	0.63543522
21.7846	0.63114929
21.9077	0.63783926
22.0308	0.64771605
22.1538	0.65449464
22.2769	0.65954018
22.4000	0.65931463
22.5231	0.65706289
22.6462	0.65772009
22.7692	0.66061074
22.8923	0.65785021
23.0154	0.64759916
23.1385	0.64199179
23.2615	0.63793814
23.3846	0.62915182
23.5077	0.62837517
23.6308	0.62948471
23.7538	0.61816382
23.8769	0.61194533
24.0000	0.62203747
24.1231	0.62808508
24.2462	0.62615353
24.3692	0.62952811
24.4923	0.63693023
24.6154	0.64228672
24.7385	0.64643770
24.8615	0.65836221
24.9846	0.66201115
25.1077	0.65363806
25.2308	0.65968627
25.3538	0.66341341
25.4769	0.65940487
25.6000	0.65779161
25.7231	0.64834136
25.8462	0.64130360
25.9692	0.63678479
26.0923	0.63620949
26.2154	0.63263911
26.3385	0.61809260
26.4615	0.61806202
26.5846	0.62120372
26.7077	0.61706603
26.8308	0.62271214
26.9538	0.62757909
27.0769	0.62570488
27.2000	0.62843859
27.3231	0.64087772
27.4462	0.65157974
27.5692	0.65108591
27.6923	0.65155339
27.8154	0.65888482
27.9385	0.66188627
28.0615	0.66284257
28.1846	0.66578943
28.3077	0.65791363
28.4308	0.65032065
28.5538	0.65131778
28.6769	0.64672536
28.8000	0.64021116
28.9231	0.63416749
29.0462	0.62634337
29.1692	0.61952364
29.2923	0.61932838
29.4154	0.62497520
29.5385	0.61952817
29.6615	0.61164069
29.7846	0.62068510
29.9077	0.63034707
30.0308	0.62941957
30.1538	0.63612151
30.2769	0.64530951
30.4000	0.64439625
30.5231	0.64921856
30.6462	0.66088903
30.7692	0.66711265
30.8923	0.66087157
31.0154	0.65652311
31.1385	0.66512287
31.2615	0.66149926
31.3846	0.65549445
31.5077	0.65480101
31.6308	0.64204311
31.7538	0.63602328
31.8769	0.63586831
32.0000	0.63173789
32.1231	0.62477392
32.2462	0.61597711
32.3692	0.61748958
32.4923	0.61675829
32.6154	0.61610353
32.7385	0.62485325
32.8615	0.62263167
32.9846	0.62002945
33.1077	0.63174373
33.2308	0.64312440
33.3538	0.64597422
33.4769	0.64676005
33.6000	0.65313196
33.7231	0.65936446
33.8462	0.66179413
33.9692	0.66632783
34.0923	0.66741687
34.2154	0.66059679
34.3385	0.65705079
34.4615	0.65946692
34.5846	0.65604872
34.7077	0.64848399
34.8308	0.64076740
34.9538	0.63107949
35.0769	0.62992722
35.2000	0.63021386
35.3231	0.62155116
35.4462	0.61525595
35.5692	0.61323982
35.6923	0.61665773
35.8154	0.61777091
35.9385	0.61777145
36.0615	0.62685764
36.1846	0.62428766
36.3077	0.62524641
36.4308	0.64279443
36.5538	0.64863575
36.6769	0.64862490
36.8000	0.65053189
36.9231	0.65822554
37.0462	0.66650796
37.1692	0.66399330
37.2923	0.66816312
37.4154	0.66648656
37.5385	0.65736675
37.6615	0.66142774
37.7846	0.66128486
37.9077	0.65219980
38.0308	0.64391410
38.1538	0.63837564
38.2769	0.63383001
38.4000	0.62885827
38.5231	0.62756026
38.6462	0.62093270
38.7692	0.61059231
38.8923	0.61181563
39.0154	0.61983299
39.1385	0.61743093
39.2615	0.61220407
39.3846	0.62029624
39.5077	0.62479120
39.6308	0.62635505
39.7538	0.63779432
39.8769	0.64445621
40.0000	0.64474350
40.1231	0.64632750
40.2462	0.65795988
40.3692	0.66888583
40.4923	0.66306102
40.6154	0.66376972
40.7385	0.66795862
40.8615	0.66506892
40.9846	0.66828036
41.1077	0.66552037
41.2308	0.65667689
41.3538	0.65110075
41.4769	0.64721394
41.6000	0.64570129
41.7231	0.63818729
41.8462	0.63011098
41.9692	0.62532073
42.0923	0.61694622
42.2154	0.61698687
42.3385	0.62139398
42.4615	0.61229461
42.5846	0.60580337
42.7077	0.61306965
42.8308	0.61843318
42.9538	0.61934227
43.0769	0.62119281
43.2000	0.62766886
43.3231	0.63226908
43.4462	0.63408226
43.5692	0.64860356
43.6923	0.65604675
43.8154	0.65036494
43.9385	0.65658391
44.0615	0.66614240
44.1846	0.67026865
44.3077	0.66964543
44.4308	0.66846788
44.5538	0.66803128
44.6769	0.66466194
44.8000	0.66676414
44.9231	0.66553670
45.0462	0.65448892
45.1692	0.64605272
45.2923	0.64609218
45.4154	0.64236057
45.5385	0.63210201
45.6615	0.63023973
45.7846	0.62219578
45.9077	0.61303282
46.0308	0.61568236
46.1538	0.61654830
46.2769	0.61372018
46.4000	0.60292727
46.5231	0.60776293
46.6462	0.62009776
46.7692	0.61374706
46.8923	0.61892885
47.0154	0.62553662
47.1385	0.62679297
47.2615	0.63354480
47.3846	0.64108777
47.5077	0.65348589
47.6308	0.65052754
47.7538	0.64989281
47.8769	0.66535264
48.0000	0.67006737
48.1231	0.66954851
48.2462	0.66962171
48.3692	0.67072487
48.4923	0.67110527
48.6154	0.67135406
48.7385	0.67235351
48.8615	0.66486406
48.9846	0.65725309
49.1077	0.65458089
49.2308	0.65393198
49.3538	0.64737922
49.4769	0.63774151
49.6000	0.63354480
49.7231	0.62444663
49.8462	0.62167269
49.9692	0.62385869
50.0923	0.61424994
50.2154	0.60656989
50.3385	0.60591775
50.4615	0.61026752
50.5846	0.61117512
50.7077	0.60556632
50.8308	0.60992950
50.9538	0.61369032
51.0769	0.61336946
51.2000	0.62435424
51.3231	0.63083303
51.4462	0.62958854
51.5692	0.63410902
51.6923	0.64305121
51.8154	0.65462989
51.9385	0.65703285
52.0615	0.65665466
52.1846	0.66450524
52.3077	0.66770905
52.4308	0.67324692
52.5538	0.67842937
52.6769	0.67314988
52.8000	0.67222810
52.9231	0.67495763
53.0462	0.67477387
53.1692	0.67219472
53.2923	0.66676223
53.4154	0.66113424
53.5385	0.65527922
53.6615	0.65223992
53.7846	0.65220708
53.9077	0.64243764
54.0308	0.62785995
54.1538	0.62806278
54.2769	0.62927550
54.4000	0.61900938
54.5231	0.61247396
54.6462	0.61033523
54.7692	0.60689688
54.8923	0.60346580
55.0154	0.60543454
55.1385	0.60854697
55.2615	0.60141659
55.3846	0.59926021
55.5077	0.61132848
55.6308	0.61619937
55.7538	0.61326933
55.8769	0.61840719
56.0000	0.62382990
56.1231	0.62963462
56.2462	0.63859665
56.3692	0.64382076
56.4923	0.64813536
56.6154	0.64856356
56.7385	0.65849644
56.8615	0.67070508
56.9846	0.66669565
57.1077	0.67148131
57.2308	0.67596841
57.3538	0.67480218
57.4769	0.68157399
57.6000	0.68335092
57.7231	0.68131649
57.8462	0.67352855
57.9692	0.67353785
58.0923	0.68185496
58.2154	0.67253947
58.3385	0.66186535
58.4615	0.66118103
58.5846	0.65855306
58.7077	0.65065730
58.8308	0.64609015
58.9538	0.64288718
59.0769	0.63143057
59.2000	0.62366736
59.3231	0.62391287
59.4462	0.62347323
59.5692	0.61225677
59.6923	0.60199690
59.8154	0.60603172
59.9385	0.60482389
60.0615	0.60048139
60.1846	0.59954631
60.3077	0.59613413
60.4308	0.59705943
60.5538	0.59993553
60.6769	0.60374612
60.8000	0.60664749
60.9231	0.60433519
61.0462	0.60842174
61.1692	0.61843342
61.2923	0.62228709
61.4154	0.62795740
61.5385	0.63135332
61.6615	0.63270140
61.7846	0.64547008
61.9077	0.65276897
62.0308	0.65652257
62.1538	0.65915108
62.2769	0.66078556
62.4000	0.67464179
62.5231	0.67722684
62.6462	0.67738366
62.7692	0.68312800
62.8923	0.68144017
63.0154	0.68553305
63.1385	0.68842459
63.2615	0.69097567
63.3846	0.68708825
63.5077	0.67932898
63.6308	0.68417042
63.7538	0.68617636
63.8769	0.68018711
64.0000	0.66965711
64.1231	0.66833401
64.2462	0.66754282
64.3692	0.65910447
64.4923	0.65754145
64.6154	0.64793414
64.7385	0.64067984
64.8615	0.63603860
64.9846	0.63162690
65.1077	0.63157439
65.2308	0.61670315
65.3538	0.61134738
65.4769	0.61116755
65.6000	0.60523045
65.7231	0.60542041
65.8462	0.59680456
65.9692	0.59121960
66.0923	0.59181148
66.2154	0.59323704
66.3385	0.59322232
66.4615	0.58703512
66.5846	0.58712339
66.7077	0.59169912
66.8308	0.59345174
66.9538	0.59414405
67.0769	0.60017610
67.2000	0.59975314
67.3231	0.59870291
67.4462	0.61213517
67.5692	0.61846036
67.6923	0.61871374
67.8154	0.61886096
67.9385	0.62824565
68.0615	0.64224237
68.1846	0.63995200
68.3077	0.64626002
68.4308	0.65477246
68.5538	0.65589577
68.6769	0.66429090
68.8000	0.67300600
68.9231	0.67799270
69.0462	0.67522472
69.1692	0.68029273
69.2923	0.69179821
69.4154	0.69426620
69.5385	0.69324434
69.6615	0.69361794
69.7846	0.69893712
69.9077	0.69879836
70.0308	0.70272464
70.1538	0.70456874
70.2769	0.69411248
70.4000	0.69717878
70.5231	0.70015663
70.6462	0.69787633
70.7692	0.69292116
70.8923	0.68467337
71.0154	0.68788999
71.1385	0.68182218
71.2615	0.67618895
71.3846	0.67820776
71.5077	0.66509229
71.6308	0.65690207
71.7538	0.65841520
71.8769	0.65629113
72.0000	0.64660412
72.1231	0.63293546
72.2462	0.63263810
72.3692	0.63324350
72.4923	0.62125623
72.6154	0.61496586
72.7385	0.61274290
72.8615	0.60420418
72.9846	0.59836006
73.1077	0.59893590
73.2308	0.59615076
73.3538	0.58481681
73.4769	0.57863164
73.6000	0.58362138
73.7231	0.58390701
73.8462	0.57409614
73.9692	0.56976599
74.0923	0.57436037
74.2154	0.57207435
74.3385	0.57090586
74.4615	0.57415336
74.5846	0.57046527
74.7077	0.57008308
74.8308	0.57299244
74.9538	0.58012611
75.0769	0.58174765
75.2000	0.57479250
75.3231	0.58397657
75.4462	0.59059286
75.5692	0.59076852
75.6923	0.59834099
75.8154	0.59965146
75.9385	0.60246354
76.0615	0.60876852
76.1846	0.61880201
76.3077	0.62575692
76.4308	0.62065947
76.5538	0.62796831
76.6769	0.64372176
76.8000	0.64563620
76.9231	0.64627951
77.0462	0.65657818
77.1692	0.66240048
77.2923	0.66368908
77.4154	0.67373621
77.5385	0.68437600
77.6615	0.68366337
77.7846	0.68066752
77.9077	0.69551069
78.0308	0.70932072
78.1538	0.70102429
78.2769	0.70198351
78.4000	0.71556860
78.5231	0.71878946
78.6462	0.71811777
78.7692	0.72413695
78.8923	0.72900730
79.0154	0.72542882
79.1385	0.72722775
79.2615	0.73880017
79.3846	0.74000227
79.5077	0.72895879
79.6308	0.73294795
79.7538	0.74356174
79.8769	0.73859197
80.0000	0.73647672
80.1231	0.73628682
80.2462	0.73441219
80.3692	0.73568881
80.4923	0.73407835
80.6154	0.73544759
80.7385	0.72752321
80.8615	0.72083938
80.9846	0.72878790
81.1077	0.72472095
81.2308	0.71625131
81.3538	0.71338207
81.4769	0.70912045
81.6000	0.70791733
81.7231	0.70417148
81.8462	0.69920623
81.9692	0.69334722
82.0923	0.68430603
82.2154	0.68397892
82.3385	0.68501949
82.4615	0.67341942
82.5846	0.66314089
82.7077	0.66198629
82.8308	0.66068560
82.9538	0.65365773
83.0769	0.64402914
83.2000	0.63939065
83.3231	0.63545161
83.4462	0.62771130
83.5692	0.62381929
83.6923	0.62172514
83.8154	0.60969460
83.9385	0.59980911
84.0615	0.60360265
84.1846	0.60028940
84.3077	0.58783686
84.4308	0.57843649
84.5538	0.57784903
84.6769	0.57932109
84.8000	0.56555897
84.9231	0.56039846
85.0462	0.56130362
85.1692	0.54916102
85.2923	0.54699373
85.4154	0.54691625
85.5385	0.54091573
85.6615	0.53139985
85.7846	0.52466244
85.9077	0.53186679
86.0308	0.52603942
86.1538	0.51348978
86.2769	0.51382488
86.4000	0.51239181
86.5231	0.50830007
86.6462	0.50549650
86.7692	0.50327575
86.8923	0.49744403
87.0154	0.49319142
87.1385	0.49614203
87.2615	0.49548620
87.3846	0.48810220
87.5077	0.48324507
87.6308	0.48712829
87.7538	0.48648539
87.8769	0.48138377
88.0000	0.48266408
88.1231	0.47907335
88.2462	0.47604859
88.3692	0.48003837
88.4923	0.48086181
88.6154	0.47725216
88.7385	0.47193539
88.8615	0.47518834
88.9846	0.48222509
89.1077	0.47637346
89.2308	0.47312850
89.3538	0.47790483
89.4769	0.47720736
89.6000	0.47845066
89.7231	0.48006797
89.8462	0.48014450
89.9692	0.48032987
90.0923	0.47778714
90.2154	0.48539686
90.3385	0.49016774
90.4615	0.48271033
90.5846	0.48355320
90.7077	0.49042833
90.8308	0.49521524
90.9538	0.49364132
91.0769	0.49121255
91.2000	0.49745756
91.3231	0.50137448
91.4462	0.50061321
91.5692	0.50500208
91.6923	0.50910604
91.8154	0.50603497
91.9385	0.50902224
92.0615	0.51867586
92.1846	0.52090365
92.3077	0.51763552
92.4308	0.51823980
92.5538	0.52930439
92.6769	0.53419906
92.8000	0.52945828
92.9231	0.53470367
93.0462	0.54024100
93.1692	0.54106951
93.2923	0.54673886
93.4154	0.55223823
93.5385	0.55201036
93.6615	0.55233854
93.7846	0.56000412
93.9077	0.56879294
94.0308	0.56825840
94.1538	0.56531888
94.2769	0.57572752
94.4000	0.58155113
94.5231	0.58061296
94.6462	0.58909822
94.7692	0.58954835
94.8923	0.59112787
95.0154	0.59829283
95.1385	0.60503656
95.2615	0.61068439
95.3846	0.60323191
95.5077	0.61145216
95.6308	0.62579137
95.7538	0.62225592
95.8769	0.62410396
96.0000	0.62991911
96.1231	0.63644683
96.2462	0.63808811
96.3692	0.64240563
96.4923	0.65219432
96.6154	0.64920658
96.7385	0.65010393
96.8615	0.66149884
96.9846	0.67153394
97.1077	0.66613638
97.2308	0.66338646
97.3538	0.68051147
97.4769	0.68443054
97.6000	0.68304157
97.7231	0.68646425
97.8462	0.69188190
97.9692	0.69958019
98.0923	0.69646698
98.2154	0.70682883
98.3385	0.71372175
98.4615	0.70507777
98.5846	0.71399677
98.7077	0.72465384
98.8308	0.72774059
98.9538	0.72432911
99.0769	0.72453988
99.2000	0.73921764
99.3231	0.74239028
99.4462	0.73869234
99.5692	0.74409467
99.6923	0.74908423
99.8154	0.75084132
99.9385	0.75559133
100.0615	0.76095867
100.1846	0.76050770
100.3077	0.76054579
100.4308	0.76563019
100.5538	0.77483642
100.6769	0.77516299
100.8000	0.76876861
100.9231	0.77602059
101.0462	0.78322887
101.1692	0.78338802
101.2923	0.78413570
101.4154	0.78359491
101.5385	0.78734308
101.6615	0.79042083
101.7846	0.79239726
101.9077	0.79522085
102.0308	0.79145521
102.1538	0.79053617
102.2769	0.79957694
102.4000	0.80176640
102.5231	0.79460281
102.6462	0.79513228
102.7692	0.79881537
102.8923	0.80108446
103.0154	0.79999632
103.1385	0.79612648
103.2615	0.79949933
103.3846	0.79529488
103.5077	0.79485482
103.6308	0.80357844
103.7538	0.79377759
103.8769	0.78717029
104.0000	0.79195547
104.1231	0.79533660
104.2462	0.79202962
104.3692	0.77940297
104.4923	0.78270066
104.6154	0.78725779
104.7385	0.77725214
104.8615	0.77518678
104.9846	0.77555162
105.1077	0.76879025
105.2308	0.76232988
105.3538	0.76524365
105.4769	0.76511633
105.6000	0.75195485
105.7231	0.74420649
105.8462	0.74885690
105.9692	0.75020611
106.0923	0.73468733
106.2154	0.72618341
106.3385	0.73134631
106.4615	0.72483003
106.5846	0.71660578
106.7077	0.71214879
106.8308	0.70692116
106.9538	0.70131320
107.0769	0.69282508
107.2000	0.69309151
107.3231	0.68914384
107.4462	0.67262012
107.5692	0.66915631
107.6923	0.67219281
107.8154	0.66410267
107.9385	0.65304422
108.0615	0.64465129
108.1846	0.64491576
108.3077	0.64304602
108.4308	0.62947631
108.5538	0.62527275
108.6769	0.62212807
108.8000	0.61375201
108.9231	0.61193788
109.0462	0.60639173
109.1692	0.60048074
109.2923	0.59327960
109.4154	0.58820689
109.5385	0.59112710
109.6615	0.58471453
109.7846	0.57461786
109.9077	0.57156157
110.0308	0.57423812
110.1538	0.57197672
110.2769	0.56331509
110.4000	0.56082106
110.5231	0.56026125
110.6462	0.56173986
110.7692	0.55777788
110.8923	0.55446643
111.0154	0.55753106
111.1385	0.55172491
111.2615	0.55521274
111.3846	0.55955124
111.5077	0.55467772
111.6308	0.55509645
111.7538	0.55509961
111.8769	0.56428260
112.0000	0.56640756
112.1231	0.55862331
112.2462	0.56623507
112.3692	0.57337987
112.4923	0.57519144
112.6154	0.57749891
112.7385	0.58058894
112.8615	0.58606821
112.9846	0.59021920
113.1077	0.59652901
113.2308	0.60303885
113.3538	0.60485870
113.4769	0.60633469
113.6000	0.61844558
113.7231	0.62780404
113.8462	0.62550437
113.9692	0.63044119
114.0923	0.63925749
114.2154	0.64780766
114.3385	0.65253574
114.4615	0.65357292
114.5846	0.66169161
114.7077	0.66710722
114.8308	0.67171192
114.9538	0.68021190
115.0769	0.68260270
115.2000	0.68209112
115.3231	0.68911183
115.4462	0.69855160
115.5692	0.69965184
115.6923	0.69794375
115.8154	0.69905049
115.9385	0.70836478
116.0615	0.71194690
116.1846	0.70461822
116.3077	0.70913678
116.4308	0.71064883
116.5538	0.70810306
116.6769	0.71153128
116.8000	0.70871150
116.9231	0.70675737
117.0462	0.70107228
117.1692	0.70040858
117.2923	0.70713270
117.4154	0.69534069
117.5385	0.68513334
117.6615	0.68899435
117.7846	0.68822777
117.9077	0.68014091
118.0308	0.67005175
118.1538	0.66748846
118.2769	0.66619265
118.4000	0.65714645
118.5231	0.65141273
118.6462	0.64819533
118.7692	0.63914818
118.8923	0.63144112
119.0154	0.63162351
119.1385	0.62796295
119.2615	0.61539704
119.3846	0.60911864
119.5077	0.60945576
119.6308	0.60908151
119.7538	0.60050333
119.8769	0.58922988
120.0000	0.59412861
120.1231	0.59467185
120.2462	0.58640742
120.3692	0.58571935
120.4923	0.58316207
120.6154	0.58578891
120.7385	0.58472484
120.8615	0.58277583
120.9846	0.59041977
121.1077	0.58482617
121.2308	0.58522373
121.3538	0.59675127
121.4769	0.59882516
121.6000	0.59759426
121.7231	0.59782863
121.8462	0.60973513
121.9692	0.61909759
122.0923	0.61587465
122.2154	0.61883485
122.3385	0.62967390
122.4615	0.63817626
122.5846	0.63932794
122.7077	0.64520669
122.8308	0.65196204
122.9538	0.65582550
123.0769	0.66325104
123.2000	0.66746324
123.3231	0.67445892
123.4462	0.67514575
123.5692	0.67468888
123.6923	0.68728298
123.8154	0.69077253
123.9385	0.68619126
124.0615	0.68495572
124.1846	0.69081396
124.3077	0.69867158
124.4308	0.69080007
124.5538	0.68269271
124.6769	0.69003570
124.8000	0.69118202
124.9231	0.68062001
125.0462	0.67876863
125.1692	0.67833155
125.2923	0.67098534
125.4154	0.66443962
125.5385	0.66235590
125.6615	0.66282725
125.7846	0.64751220
125.9077	0.63708407
126.0308	0.64624894
126.1538	0.63924932
126.2769	0.62315762
126.4000	0.61809403
126.5231	0.62064308
126.6462	0.61866045
126.7692	0.60554665
126.8923	0.60174340
127.0154	0.60467684
127.1385	0.60004973
127.2615	0.59560388
127.3846	0.59732711
127.5077	0.59736699
127.6308	0.59247315
127.7538	0.59564090
127.8769	0.60166854
128.0000	0.60259682
128.1231	0.60103941
128.2462	0.60191095
128.3692	0.61552507
128.4923	0.62120533
128.6154	0.61564070
128.7385	0.62281650
128.8615	0.63327479
128.9846	0.64106071
129.1077	0.64311981
129.2308	0.64309007
129.3539	0.65593350
129.4769	0.66204870
129.6000	0.66141534
129.7231	0.67031145
129.8462	0.67320788
129.9692	0.67372072
130.0923	0.67790508
130.2154	0.68197680
130.3385	0.68613064
130.4615	0.67919469
130.5846	0.67621791
130.7077	0.68565100
130.8308	0.68435109
130.9538	0.67325425
131.0769	0.66784364
131.2000	0.67163295
131.3231	0.67045164
131.4462	0.65858501
131.5692	0.65058768
131.6923	0.65046728
131.8154	0.64732760
131.9385	0.63533086
132.0615	0.63179439
132.1846	0.63080889
132.3077	0.61844289
132.4308	0.61492056
132.5538	0.61606479
132.6769	0.61231226
132.8000	0.60406411
132.9231	0.59718335
133.0462	0.60783923
133.1692	0.60860485
133.2923	0.59585273
133.4154	0.60004586
133.5385	0.60822326
133.6615	0.61153823
133.7846	0.61045635
133.9077	0.61064172
134.0308	0.62197644
134.1538	0.62745416
134.2769	0.62809217
134.4000	0.63647670
134.5231	0.64291781
134.6461	0.64550459
134.7692	0.65127623
134.8923	0.66013962
135.0154	0.66570681
135.1385	0.66438335
135.2615	0.66515952
135.3846	0.67664087
135.5077	0.68230420
135.6308	0.67200667
135.7538	0.67061150
135.8769	0.68035185
136.0000	0.67955434
136.1231	0.67063498
136.2462	0.66480058
136.3692	0.66688496
136.4923	0.66528940
136.6154	0.65332019
136.7385	0.65020627
136.8615	0.64846128
136.9846	0.63661444
137.1077	0.63272417
137.2308	0.63182765
137.3539	0.62457389
137.4769	0.61684507
137.6000	0.61077392
137.7231	0.61398685
137.8462	0.61445391
137.9692	0.60324889
138.0923	0.60194719
138.2154	0.60870886
138.3385	0.61157417
138.4615	0.61055034
138.5846	0.60667711
138.7077	0.61522937
138.8308	0.62713420
138.9538	0.62434775
139.0769	0.62662524
139.2000	0.63781065
139.3231	0.64367360
139.4462	0.64598495
139.5692	0.65195906
139.6923	0.66140789
139.8154	0.66226411
139.9385	0.66053766
140.0615	0.67099744
140.1846	0.67908776
140.3077	0.66985142
140.4308	0.66446900
140.5538	0.67673081
140.6769	0.67759109
140.8000	0.66442901
140.9231	0.65965259
141.0462	0.66094160
141.1692	0.66148329
141.2923	0.64913398
141.4154	0.63988632
141.5385	0.64277601
141.6615	0.63297272
141.7846	0.62690610
141.9077	0.62549835
142.0308	0.61761463
142.1538	0.61557448
142.2769	0.60996568
142.4000	0.61090648
142.5231	0.61450309
142.6461	0.60651928
142.7692	0.60729843
142.8923	0.61411494
143.0154	0.62016922
143.1385	0.62079549
143.2615	0.61837423
143.3846	0.62878937
143.5077	0.64051890
143.6308	0.64279002
143.7538	0.64061564
143.8769	0.64973533
144.0000	0.66217345
144.1231	0.66075689
144.2462	0.66328001
144.3692	0.66665101
144.4923	0.67012501
144.6154	0.67162049
144.7385	0.66661131
144.8615	0.67235625
144.9846	0.66693336
145.1077	0.65683264
145.2308	0.66090459
145.3539	0.65763670
145.4769	0.64924872
145.6000	0.63837451
145.7231	0.63480771
145.8462	0.63881350
145.9692	0.62850040
146.0923	0.61597472
146.2154	0.61645925
146.3385	0.61967874
146.4615	0.61445040
146.5846	0.60946459
146.7077	0.60991079
146.8308	0.61418790
146.9538	0.61837614
147.0769	0.61645591
147.2000	0.62275177
147.3231	0.62867129
147.4462	0.63010079
147.5692	0.64017057
147.6923	0.64553380
147.8154	0.64906180
147.9385	0.65258038
148.0615	0.65747321
148.1846	0.66689360
148.3077	0.66723382
148.4308	0.66381508
148.5538	0.66502875
148.6769	0.67110687
148.8000	0.66869521
148.9231	0.66076481
149.0462	0.65708649
149.1692	0.65334475
149.2923	0.65540081
149.4154	0.64469522
149.5385	0.63343787
149.6615	0.63476497
149.7846	0.62817883
149.9077	0.62579465
150.0308	0.61827487
150.1538	0.61292374
150.2769	0.61815619
150.4000	0.61237895
150.5231	0.61390662
150.6461	0.61805815
150.7692	0.61662793
150.8923	0.62078100
151.0154	0.62709379
151.1385	0.63533646
151.2615	0.63689458
151.3846	0.63859332
151.5077	0.64821970
151.6308	0.65840966
151.7538	0.65963078
151.8769	0.65570062
152.0000	0.66371489
152.1231	0.66965008
152.2462	0.66780871
152.3692	0.66395980
152.4923	0.65851927
152.6154	0.66202772
152.7385	0.66008490
152.8615	0.64864546
152.9846	0.64352810
153.1077	0.64051521
153.2308	0.63550538
153.3539	0.63004637
153.4769	0.62280047
153.6000	0.62064064
153.7231	0.61924917
153.8462	0.61232722
153.9692	0.61719382
154.0923	0.61995602
154.2154	0.61349982
154.3385	0.61917692
154.4615	0.62689209
154.5846	0.63417840
154.7077	0.63430572
154.8308	0.63329679
154.9538	0.64960802
155.0769	0.65771151
155.2000	0.65441191
155.3231	0.65453994
155.4462	0.66268861
155.5692	0.67048806
155.6923	0.66460890
155.8154	0.65926117
155.9385	0.65985024
156.0615	0.66290969
156.1846	0.65431005
156.3077	0.64373869
156.4308	0.64649546
156.5538	0.63822901
156.6769	0.62972850
156.8000	0.62756896
156.9231	0.62455326
157.0462	0.62200922
157.1692	0.61157346
157.2923	0.61576593
157.4154	0.62512523
157.5385	0.61711520
157.6615	0.61573738
157.7846	0.62645340
157.9077	0.63571602
158.0308	0.63716787
158.1538	0.63689792
158.2769	0.64438438
158.4000	0.65681237
158.5231	0.65962321
158.6461	0.65615678
158.7692	0.66049314
158.8923	0.66400075
159.0154	0.66652572
159.1385	0.66186064
159.2615	0.65324128
159.3846	0.65645427
159.5077	0.65227836
159.6308	0.64205664
159.7538	0.63853204
159.8769	0.63478494
160.0000	0.62772614
160.1231	0.62113041
160.2462	0.62252033
160.3692	0.62174124
160.4923	0.61536276
160.6154	0.61396539
160.7385	0.62315518
160.8615	0.62977570
160.9846	0.62273932
161.1077	0.62905592
161.2308	0.64205778
161.3539	0.64550793
161.4769	0.65044260
161.6000	0.64969802
161.7231	0.65651470
161.8462	0.66549045
161.9692	0.66198629
162.0923	0.66166580
162.2154	0.65770650
162.3385	0.65766317
162.4615	0.66036451
162.5846	0.64779657
162.7077	0.64005542
162.8308	0.64023113
162.9538	0.63559663
163.0769	0.62803179
163.2000	0.62194347
163.3231	0.62160087
163.4462	0.62024665
163.5692	0.61750895
163.6923	0.61971784
163.8154	0.62431258
163.9385	0.62569761
164.0615	0.62622517
164.1846	0.63787854
164.3077	0.64606792
164.4308	0.64354932
164.5538	0.64876461
164.6769	0.65606713
164.8000	0.66423821
164.9231	0.66291392
165.0462	0.65278226
165.1692	0.66085494
165.2923	0.66413999
165.4154	0.65396118
165.5385	0.64600891
165.6615	0.63991749
165.7846	0.64343482
165.9077	0.63718855
166.0308	0.62243944
166.1538	0.62221098
166.2769	0.62455714
166.4000	0.62147468
166.5231	0.61783779
166.6461	0.61972982
166.7692	0.62571180
166.8923	0.62923062
167.0154	0.63141370
167.1385	0.63829011
167.2615	0.64736694
167.3846	0.64719272
167.5077	0.65086567
167.6308	0.66135514
167.7538	0.66172034
167.8769	0.65821868
168.0000	0.65621209
168.1231	0.65909117
168.2462	0.66008431
168.3692	0.64702863
168.4923	0.63803518
168.6154	0.64121878
168.7385	0.63826174
168.8615	0.62744808
168.9846	0.62043858
169.1077	0.61989945
169.2308	0.62532723
169.3539	0.62345588
169.4769	0.61673081
169.6000	0.62499303
169.7231	0.63289285
169.8462	0.63606375
169.9692	0.64115542
170.0923	0.64228618
170.2154	0.65173286
170.3385	0.65858084
170.4615	0.65679491
170.5846	0.65942490
170.7077	0.65843594
170.8308	0.65810919
170.9538	0.65674341
171.0769	0.64930987
171.2000	0.64499539
171.3231	0.64085078
171.4462	0.63372779
171.5692	0.62837279
171.6923	0.62785006
171.8154	0.62358272
171.9385	0.61708349
172.0615	0.62104559
172.1846	0.62674206
172.3077	0.62863523
172.4308	0.62658268
172.5538	0.63095319
172.6769	0.64922762
172.8000	0.65034962
172.9231	0.64406908
173.0462	0.65412271
173.1692	0.66139787
173.2923	0.66387630
173.4154	0.65574849
173.5385	0.64929914
173.6615	0.65750951
173.7846	0.65188748
173.9077	0.64030021
174.0308	0.63451815
174.1538	0.63097894
174.2769	0.63165909
174.4000	0.62447852
174.5231	0.61830664
174.6461	0.62164700
174.7692	0.62589067
174.8923	0.62588525
175.0154	0.62765121
175.1385	0.63677949
175.2615	0.64100659
175.3846	0.64474726
175.5077	0.65083945
175.6308	0.65571290
175.7538	0.66005892
175.8769	0.65445602
176.0000	0.65587807
176.1231	0.66147184
176.2462	0.65160239
176.3692	0.64356607
176.4923	0.64057231
176.6154	0.63833445
176.7385	0.63501364
176.8615	0.62395936
176.9846	0.61945486
177.1077	0.62546450
177.2308	0.62555975
177.3539	0.62370670
177.4769	0.62550187
177.6000	0.62945199
177.7231	0.64208680
177.8462	0.64717919
177.9692	0.64295816
178.0923	0.64982122
178.2154	0.65926808
178.3385	0.66240269
178.4615	0.65564406
178.5846	0.64955664
178.7077	0.65556562
178.8308	0.65413761
178.9538	0.64029247
179.0769	0.63247609
179.2000	0.63530451
179.3231	0.63087374
179.4462	0.62204802
179.5692	0.62206304
179.6923	0.62344044
179.8154	0.62675625
179.9385	0.62667406
180.0615	0.63066578
180.1846	0.64217937
180.3077	0.64202040
180.4308	0.64583737
180.5538	0.65486240
180.6769	0.65677577
180.8000	0.65856743
180.9231	0.65453732
181.0462	0.65213752
181.1692	0.65589321
181.2923	0.64914203
181.4154	0.63668466
181.5385	0.63344526
181.6615	0.63356662
181.7846	0.63081676
181.9077	0.62253302
182.0308	0.61669958
182.1538	0.62710047
182.2769	0.63243836
182.4000	0.62803376
182.5231	0.63193470
182.6461	0.64059943
182.7692	0.65060407
182.8923	0.65309083
183.0154	0.65101504
183.1385	0.65347028
183.2615	0.65963292
183.3846	0.65981895
183.5077	0.64873374
183.6308	0.64453399
183.7538	0.64248103
183.8769	0.64069283
184.0000	0.63362104
184.1231	0.62002516
184.2462	0.62658840
184.3692	0.62809998
184.4923	0.62238288
184.6154	0.62670493
184.7385	0.62824678
184.8615	0.63941753
184.9846	0.64288640
185.1077	0.64208102
185.2308	0.65363675
185.3539	0.65604210
185.4769	0.65516043
185.6000	0.65443444
185.7231	0.65576267
185.8462	0.65358794
185.9692	0.64297456
186.0923	0.63838315
186.2154	0.63730788
186.3385	0.63478494
186.4615	0.62315875
186.5846	0.61952513
186.7077	0.62957162
186.8308	0.62781364
186.9538	0.62679827
187.0769	0.63078576
187.2000	0.63798922
187.3231	0.64972186
187.4462	0.64903241
187.5692	0.64851743
187.6923	0.65505958
187.8154	0.65836686
187.9385	0.65823203
188.0615	0.65008467
188.1846	0.64139855
188.3077	0.64443958
188.4308	0.64339936
188.5538	0.62885082
188.6769	0.62254971
188.8000	0.62590343
188.9231	0.62885237
189.0462	0.62810409
189.1692	0.62260497
189.2923	0.63073385
189.4154	0.64448774
189.5385	0.64516163
189.6615	0.64545339
189.7846	0.64981294
189.9077	0.65722960
190.0308	0.66019857
190.1538	0.65189028
190.2769	0.64707392
190.4000	0.64911658
190.5231	0.64483547
190.6461	0.63356733
190.7692	0.62936252
190.8923	0.62906218
191.0154	0.62558162
191.1385	0.62520409
191.2615	0.62489569
191.3846	0.63058972
191.5077	0.63727540
191.6308	0.63651806
191.7538	0.64606136
191.8769	0.65252352
192.0000	0.65184343
192.1231	0.65602487
192.2462	0.65254879
192.3692	0.65433478
192.4923	0.65279388
192.6154	0.63994920
192.7385	0.63763976
192.8615	0.63533896
192.9846	0.63080627
193.1077	0.62623310
193.2308	0.62173641
193.3539	0.62615454
193.4769	0.63166451
193.6000	0.63496077
193.7231	0.63504398
193.8462	0.64063972
193.9692	0.65202832
194.0923	0.65596533
194.2154	0.65406179
194.3385	0.64755851
194.4615	0.65428531
194.5846	0.65966427
194.7077	0.64093894
194.8308	0.63241732
194.9538	0.63620949
195.0769	0.63557237
195.2000	0.62808388
195.3231	0.61782825
195.4462	0.62538767
195.5692	0.63599026
195.6923	0.63308805
195.8154	0.63499963
195.9385	0.64247137
196.0615	0.64920366
196.1846	0.65658796
196.3077	0.65484560
196.4308	0.64892823
196.5538	0.65250361
196.6769	0.65353364
196.8000	0.64503282
196.9231	0.63479030
197.0462	0.63049889
197.1692	0.63323921
197.2923	0.62957078
197.4154	0.62185091
197.5385	0.62457198
197.6615	0.63350880
197.7846	0.63651305
197.9077	0.63887447
198.0308	0.64470840
198.1538	0.64853144
198.2769	0.65627211
198.4000	0.65593845
198.5231	0.64923739
198.6461	0.65193677
198.7692	0.64818019
198.8923	0.64136797
199.0154	0.63502514
199.1385	0.62882185
199.2615	0.63157713
199.3846	0.62650520
199.5077	0.62188250
199.6308	0.63139999
199.7538	0.63617235
199.8769	0.63576210
200.0000	0.64177155
200.1231	0.65026808
200.2462	0.65442884
200.3692	0.65318269
200.4923	0.65046680
200.6154	0.65273976
200.7385	0.65089577
200.8615	0.64070392
200.9846	0.63553679
201.1077	0.63205498
201.2308	0.62886012
201.3539	0.62890363
201.4769	0.62613779
201.6000	0.62496924
201.7231	0.63355953
201.8462	0.64257336
201.9692	0.64258265
202.0923	0.64458132
202.2154	0.65010530
202.3385	0.65798730
202.4615	0.65833712
202.5846	0.64367521
202.7077	0.64428604
202.8308	0.64847648
202.9538	0.63840455
203.0769	0.63022417
203.2000	0.62231964
203.3231	0.62850291
203.4462	0.63489372
203.5692	0.62621862
203.6923	0.62869227
203.8154	0.63938326
203.9385	0.64932680
204.0615	0.65097165
204.1846	0.64686370
204.3077	0.65130162
204.4308	0.65649348
204.5538	0.65444833
204.6769	0.64216626
204.8000	0.63588244
204.9231	0.63735169
205.0462	0.63330418
205.1692	0.63008535
205.2923	0.62169123
205.4154	0.62396663
205.5385	0.63891917
205.6615	0.63808644
205.7846	0.63699150
205.9077	0.64311862
206.0308	0.65232599
206.1538	0.66033936
206.2769	0.65019590
206.4000	0.64434928
206.5231	0.65097451
206.6461	0.64717078
206.7692	0.63654912
206.8923	0.62850171
207.0154	0.62696683
207.1385	0.63113654
207.2615	0.63065743
207.3846	0.62620801
207.5077	0.63128603
207.6308	0.64311647
207.7538	0.64781064
207.8769	0.64828503
208.0000	0.64918697
208.1231	0.65271080
208.2462	0.65626848
208.3692	0.64839602
208.4923	0.63991213
208.6154	0.63868260
208.7385	0.63422090
208.8615	0.63068575
208.9846	0.62802976
209.1077	0.62374097
209.2308	0.62986779
209.3539	0.63922173
209.4769	0.63843513
209.6000	0.64094925
209.7231	0.64923561
209.8462	0.65498990
209.9692	0.65532666
210.0923	0.64660716
210.2154	0.64671111
210.3385	0.64966363
210.4615	0.63613236
210.5846	0.62996924
210.7077	0.63113713
210.8308	0.62804461
210.9538	0.62848330
211.0769	0.62934977
211.2000	0.63482004
211.3231	0.64109015
211.4462	0.64473599
211.5692	0.65031898
211.6923	0.65218091
211.8154	0.65190351
211.9385	0.65066534
212.0615	0.64923435
212.1846	0.64118564
212.3077	0.63348347
212.4308	0.63575637
212.5538	0.62918907
212.6769	0.62517583
212.8000	0.62939167
212.9231	0.63113731
213.0462	0.63999456
213.1692	0.64089143
213.2923	0.64306718
213.4154	0.65472853
213.5385	0.65294766
213.6615	0.65093052
213.7846	0.64852387
213.9077	0.64347798
214.0308	0.64310616
214.1538	0.63471228
214.2769	0.62702948
214.4000	0.62786835
214.5231	0.63077134
214.6461	0.63128501
214.7692	0.63206768
214.8923	0.63894361
215.0154	0.64571083
215.1385	0.65164959
215.2615	0.65141916
215.3846	0.64851505
215.5077	0.65251148
215.6308	0.64798403
215.7538	0.64104474
215.8769	0.63628638
216.0000	0.62823892
216.1231	0.63063115
216.2462	0.63178384
216.3692	0.62694526
216.4923	0.63120216
216.6154	0.63864273
216.7385	0.64645350
216.8615	0.65036166
216.9846	0.64621943
217.1077	0.65012801
217.2308	0.65701854
217.3539	0.64810765
217.4769	0.63759714
217.6000	0.63583714
217.7231	0.63475114
217.8462	0.63220179
217.9692	0.62604839
218.0923	0.62592751
218.2154	0.63533610
218.3385	0.64023304
218.4615	0.64269668
218.5846	0.64692390
218.7077	0.64938068
218.8308	0.65253443
218.9538	0.65469444
219.0769	0.64654678
219.2000	0.63658440
219.3231	0.63823140
219.4462	0.63665819
219.5692	0.62938052
219.6923	0.62481928
219.8154	0.62631702
219.9385	0.63960207
220.0615	0.64182186
220.1846	0.63715154
220.3077	0.64772367
220.4308	0.65386075
220.5538	0.65395236
220.6769	0.65019983
220.8000	0.64124131
220.9231	0.64165300
221.0462	0.64007699
221.1692	0.63156325
221.2923	0.62669051
221.4154	0.62634230
221.5385	0.63237172
221.6615	0.63870698
221.7846	0.63915700
221.9077	0.64050829
222.0308	0.64969683
222.1538	0.65635401
222.2769	0.65129936
222.4000	0.64581680
222.5231	0.64225715
222.6461	0.64090776
222.7692	0.63954824
222.8923	0.62734509
223.0154	0.62339389
223.1385	0.63270169
223.2615	0.63530624
223.3846	0.63760883
223.5077	0.63877994
223.6308	0.64392436
223.7538	0.65697169
223.8769	0.65295589
224.0000	0.64545327
224.1231	0.64629793
224.2462	0.64244998
224.3692	0.63940442
224.4923	0.63231552
224.6154	0.62549949
224.7385	0.62838244
224.8615	0.63363516
224.9846	0.63741446
225.1077	0.63812441
225.2308	0.64227206
225.3539	0.65006173
225.4769	0.65562552
225.6000	0.65189588
225.7231	0.64130348
225.8462	0.64380664
225.9692	0.64361328
226.0923	0.63271892
226.2154	0.62821990
226.3385	0.62560087
226.4615	0.63272101
226.5846	0.63880765
226.7077	0.63479257
226.8308	0.64222109
226.9538	0.65004373
227.0769	0.65190417
227.2000	0.65273422
227.3231	0.64654672
227.4462	0.64202255
227.5692	0.64094168
227.6923	0.63640290
227.8154	0.62987387
227.9385	0.62714839
228.0615	0.62853599
228.1846	0.63575959
228.3077	0.64237046
228.4308	0.63932914
228.5538	0.64484435
228.6769	0.65494430
228.8000	0.65283978
228.9231	0.64709365
229.0462	0.64158720
229.1692	0.64005488
229.2923	0.63739038
229.4154	0.63011980
229.5385	0.62702262
229.6615	0.63052845
229.7846	0.63464200
229.9077	0.63772982
230.0308	0.64649343
230.1538	0.64637154
230.2769	0.64706194
230.4000	0.65560710
230.5231	0.64823228
230.6461	0.64289862
230.7692	0.63750297
230.8923	0.63233924
231.0154	0.63568419
231.1385	0.62743300
231.2615	0.62838709
231.3846	0.63571191
231.5077	0.63900530
231.6308	0.64682555
231.7538	0.64783674
231.8769	0.64962578
232.0000	0.64919692
232.1231	0.64962775
232.2462	0.64476323
232.3692	0.63338512
232.4923	0.63425428
232.6154	0.62948549
232.7385	0.63047743
232.8615	0.63433027
232.9846	0.63144630
233.1077	0.64202493
233.2308	0.64633411
233.3539	0.65074277
233.4769	0.65327621
233.6000	0.64357859
233.7231	0.64569438
233.8462	0.64631504
233.9692	0.63570714
234.0923	0.62718076
234.2154	0.62898296
234.3385	0.63350248
234.4615	0.63437295
234.5846	0.63723242
234.7077	0.64036679
234.8308	0.64851129
234.9538	0.65218562
235.0769	0.65089685
235.2000	0.64868367
235.3231	0.63875180
235.4462	0.63783914
235.5692	0.64015299
235.6923	0.63068694
235.8154	0.62271750
235.9385	0.63099223
236.0615	0.64235216
236.1846	0.64199227
236.3077	0.64243156
236.4308	0.64490891
236.5538	0.65385640
236.6769	0.65485966
236.8000	0.64123523
236.9231	0.63845134
237.0462	0.63400620
237.1692	0.63307136
237.2923	0.63568819
237.4154	0.62664354
237.5385	0.62912160
237.6615	0.64155364
237.7846	0.64965010
237.9077	0.64897460
238.0308	0.64454347
238.1538	0.64710313
238.2769	0.65146720
238.4000	0.64701831
238.5231	0.63156241
238.6461	0.62682319
238.7692	0.63304758
238.8923	0.63529742
239.0154	0.63469869
239.1385	0.63173968
239.2615	0.63998884
239.3846	0.65448654
239.5077	0.65384012
239.6308	0.64472985
239.7538	0.64363641
239.8769	0.64423150
240.0000	0.64087260
240.1231	0.63576430
240.2462	0.62414902
240.3692	0.62734652
240.4923	0.63847369
240.6154	0.63941574
240.7385	0.64312541
240.8615	0.64105725
240.9846	0.64850652
241.1077	0.65827674
241.2308	0.64720184
241.3539	0.63797539
241.4769	0.63463241
241.6000	0.63694757
241.7231	0.63438922
241.8462	0.62792242
241.9692	0.62994713
242.0923	0.63630033
242.2154	0.64835906
242.3385	0.64755523
242.4615	0.64603496
242.5846	0.65044415
242.7077	0.64534587
242.8308	0.64629745
242.9538	0.63858736
243.0769	0.62840968
243.2000	0.63075227
243.3231	0.63106775
243.4462	0.63598239
243.5692	0.63922620
243.6923	0.63873619
243.8154	0.64707077
243.9385	0.65422046
244.0615	0.64950949
244.1846	0.64391893
244.3077	0.64176363
244.4308	0.63602829
244.5538	0.63340539
244.6769	0.63192195
244.8000	0.63023239
244.9231	0.63292396
245.0462	0.63782179
245.1692	0.64678389
245.2923	0.65172243
245.4154	0.64706230
245.5385	0.64366955
245.6615	0.64878827
245.7846	0.64510977
245.9077	0.63238662
246.0308	0.62927878
246.1538	0.62864113
246.2769	0.63494551
246.4000	0.64037520
246.5231	0.63647461
246.6461	0.64301109
246.7692	0.64984763
246.8923	0.65240347
247.0154	0.65140921
247.1385	0.63929027
247.2615	0.63304639
247.3846	0.63771123
247.5077	0.63691032
247.6308	0.62867659
247.7538	0.62765074
247.8769	0.63622671
248.0000	0.64916772
248.1231	0.65191156
248.2462	0.64269388
248.3692	0.64473593
248.4923	0.65029055
248.6154	0.64574319
248.7385	0.63540149
248.8615	0.62753624
248.9846	0.62840241
249.1077	0.63544232
249.2308	0.64091039
249.3539	0.63616443
249.4769	0.64068431
249.6000	0.65070754
249.7231	0.65213668
249.8462	0.65202767
249.9692	0.63765597
250.0923	0.63431007
250.2154	0.63960612
250.3385	0.63169932
250.4615	0.63192976
250.5846	0.63016975
250.7077	0.63542247
250.8308	0.64851278
250.9538	0.64927012
251.0769	0.64753956
251.2000	0.64510751
251.3231	0.64725631
251.4462	0.64210564
251.5692	0.63442069
251.6923	0.63319534
251.8154	0.62772375
251.9385	0.63258141
252.0615	0.63794506
252.1846	0.64345074
252.3077	0.64855963
252.4308	0.64213532
252.5538	0.64931870
252.6769	0.65328288
252.8000	0.64014006
252.9231	0.63355494
253.0462	0.63181543
253.1692	0.63123423
253.2923	0.63439637
253.4154	0.63762414
253.5385	0.63771629
253.6615	0.64188635
253.7846	0.65005362
253.9077	0.65475559
254.0308	0.64869279
254.1538	0.63417047
254.2769	0.63512933
254.4000	0.64198506
254.5231	0.63328600
254.6461	0.62603706
254.7692	0.63141465
254.8923	0.64193690
255.0154	0.64953846
255.1385	0.65000838
255.2615	0.64372128
255.3846	0.64360023
255.5077	0.64822006
255.6308	0.64152873
255.7538	0.63266838
255.8769	0.62643099
256.0000	0.62877780
256.1231	0.64163983
256.2462	0.64197624
256.3692	0.63980365
256.4923	0.64625347
256.6154	0.64882684
256.7385	0.65178895
256.8615	0.64590162
256.9846	0.63234591
257.1077	0.63198709
257.2308	0.63469648
257.3539	0.63296664
257.4769	0.63455027
257.6000	0.63824993
257.7231	0.64334404
257.8462	0.64824367
257.9692	0.65151381
258.0923	0.64836287
258.2154	0.64104676
258.3385	0.63569379
258.4615	0.63274395
258.5846	0.63645804
258.7077	0.63306159
258.8308	0.62944084
258.9539	0.64023674
259.0769	0.64569646
259.2000	0.65160114
259.3231	0.65166676
259.4462	0.63949001
259.5692	0.64092118
259.6923	0.64200056
259.8154	0.63565189
259.9385	0.63070893
260.0615	0.62662882
260.1846	0.63453513
260.3077	0.64691764
260.4308	0.64964932
260.5538	0.64410782
260.6769	0.64257973
260.8000	0.64839548
260.9231	0.64782500
261.0461	0.63738835
261.1692	0.62523824
261.2923	0.62810057
261.4154	0.64029813
261.5385	0.63907057
261.6615	0.63884407
261.7846	0.64603704
261.9077	0.64657116
262.0308	0.64975083
262.1538	0.64974815
262.2769	0.63758248
262.4000	0.63123977
262.5231	0.63131368
262.6461	0.63442242
262.7692	0.63804883
262.8923	0.63496220
263.0154	0.64093202
263.1385	0.65034032
263.2615	0.64857727
263.3846	0.64810157
263.5077	0.64510548
263.6308	0.63496095
263.7538	0.63006657
263.8769	0.63499850
264.0000	0.63690573
264.1231	0.63360500
264.2462	0.63675869
264.3692	0.64345551
264.4923	0.65302873
264.6154	0.65369010
264.7385	0.64066905
264.8615	0.63618052
264.9846	0.63728857
265.1077	0.63699204
265.2308	0.63505387
265.3539	0.62827408
265.4769	0.63247418
265.6000	0.64775515
265.7231	0.65176749
265.8462	0.64769149
265.9692	0.64465070
266.0923	0.63891536
266.2154	0.64114672
266.3385	0.64133453
266.4615	0.62861931
266.5846	0.62693095
266.7077	0.63576138
266.8308	0.64455014
266.9539	0.64811444
267.0769	0.64520502
267.2000	0.64645809
267.3231	0.64552134
267.4462	0.64184582
267.5692	0.63709247
267.6923	0.63331205
267.8154	0.63053012
267.9385	0.62871951
268.0615	0.64255273
268.1846	0.64809382
268.3077	0.64444661
268.4308	0.64843595
268.5538	0.64217836
268.6769	0.64437729
268.8000	0.64448810
268.9231	0.63079977
269.0461	0.62787640
269.1692	0.63000017
269.2923	0.64087892
269.4154	0.64803445
269.5385	0.64308947
269.6615	0.64320368
269.7846	0.64637524
269.9077	0.64971763
270.0308	0.64219713
270.1538	0.63168353
270.2769	0.62697583
270.4000	0.63022161
270.5231	0.64483833
270.6461	0.64231956
270.7692	0.63727641
270.8923	0.64802152
271.0154	0.65020967
271.1385	0.64698553
271.2615	0.64099348
271.3846	0.63376200
271.5077	0.63100624
271.6308	0.63071203
271.7538	0.63657302
271.8769	0.64392632
272.0000	0.64301741
272.1231	0.64108449
272.2462	0.65014648
272.3692	0.65048027
272.4923	0.64008534
272.6154	0.63689709
272.7385	0.63001794
272.8615	0.62845492
272.9846	0.63830912
273.1077	0.64390260
273.2308	0.64203727
273.3539	0.63974118
273.4769	0.64774138
273.6000	0.65368652
273.7231	0.64550149
273.8462	0.63078791
273.9692	0.62710798
274.0923	0.63692904
274.2154	0.63725090
274.3385	0.63861108
274.4615	0.64209712
274.5846	0.64053583
274.7077	0.65135545
274.8308	0.65177810
274.9539	0.64058989
275.0769	0.63577414
275.2000	0.62999314
275.3231	0.63265657
275.4462	0.63767087
275.5692	0.63849616
275.6923	0.64198691
275.8154	0.64431787
275.9385	0.64709443
276.0615	0.64902484
276.1846	0.64606768
276.3077	0.63564092
276.4308	0.62792778
276.5538	0.63237786
276.6769	0.63666737
276.8000	0.64166784
276.9231	0.64407569
277.0461	0.63886023
277.1692	0.64641666
277.2923	0.65435988
277.4154	0.64448071
277.5385	0.63355327
277.6615	0.62710005
277.7846	0.63211662
277.9077	0.64250726
278.0308	0.63876700
278.1538	0.63862276
278.2769	0.64621228
278.4000	0.64771926
278.5231	0.64860183
278.6461	0.64443398
278.7692	0.63440222
278.8923	0.62879950
279.0154	0.63220060
279.1385	0.63823605
279.2615	0.64085668
279.3846	0.64396912
279.5077	0.64390349
279.6308	0.64600122
279.7538	0.64856642
279.8769	0.64194620
280.0000	0.63773686
280.1231	0.62995970
280.2462	0.62542313
280.3692	0.64005888
280.4923	0.64758611
280.6154	0.64299977
280.7385	0.64204895
280.8615	0.64404798
280.9846	0.64927828
281.1077	0.64584655
281.2308	0.63147467
281.3539	0.62661660
281.4769	0.63356900
281.6000	0.63928628
281.7231	0.64412153
281.8462	0.64651096
281.9692	0.64341080
282.0923	0.64459366
282.2154	0.64626098
282.3385	0.64075589
282.4615	0.63427067
282.5846	0.63003868
282.7077	0.63047940
282.8308	0.63892639
282.9539	0.64699459
283.0769	0.64718962
283.2000	0.64724082
283.3231	0.64263892
283.4462	0.63733143
283.5692	0.64361519
283.6923	0.63819969
283.8154	0.62686843
283.9385	0.63042313
284.0615	0.63882452
284.1846	0.65151858
284.3077	0.65161252
284.4308	0.64047253
284.5538	0.64093745
284.6769	0.64152110
284.8000	0.63869584
284.9231	0.63447660
285.0461	0.63116801
285.1692	0.63317049
285.2923	0.64018929
285.4154	0.65087277
285.5385	0.64940274
285.6615	0.64487356
285.7846	0.64162225
285.9077	0.63315153
286.0308	0.63649291
286.1538	0.63707936
286.2769	0.63339376
286.4000	0.63795877
286.5231	0.63840222
286.6461	0.64715219
286.7692	0.65572286
286.8923	0.64563972
287.0154	0.63505113
287.1385	0.63105237
287.2615	0.63410795
287.3846	0.64003223
287.5077	0.63839364
287.6308	0.63501668
287.7538	0.64125854
287.8769	0.65213656
288.0000	0.65037376
288.1231	0.64180475
288.2462	0.63644373
288.3692	0.63035583
288.4923	0.63227683
288.6154	0.63803720
288.7385	0.64037776
288.8615	0.64514303
288.9846	0.64333177
289.1077	0.64259374
289.2308	0.64957261
289.3539	0.64411962
289.4769	0.63354135
289.6000	0.63023901
289.7231	0.62949866
289.8462	0.63767463
289.9692	0.64933485
290.0923	0.64777285
290.2154	0.64125341
290.3385	0.64151514
290.4615	0.64413738
290.5846	0.64399195
290.7077	0.63398349
290.8308	0.62556684
290.9539	0.63410419
291.0769	0.64375812
291.2000	0.64595860
291.3231	0.64822751
291.4462	0.64769292
291.5692	0.63947225
291.6923	0.63514626
291.8154	0.63875526
291.9385	0.63581932
292.0615	0.63465834
292.1846	0.63488859
292.3077	0.63779074
292.4308	0.65234935
292.5538	0.65148365
292.6769	0.64409477
292.8000	0.63832593
292.9231	0.62787515
293.0461	0.63522226
293.1692	0.64167702
293.2923	0.63758481
293.4154	0.63682240
293.5385	0.64171863
293.6615	0.65120381
293.7846	0.64897197
293.9077	0.64237809
294.0308	0.63400799
294.1538	0.62926900
294.2769	0.63497823
294.4000	0.63574362
294.5231	0.64471811
294.6461	0.64879858
294.7692	0.64051610
294.8923	0.64387047
295.0154	0.64392686
295.1385	0.64137340
295.2615	0.63769650
295.3846	0.62726325
295.5077	0.62929380
295.6308	0.64318621
295.7538	0.65109378
295.8769	0.64828348
296.0000	0.64301878
296.1231	0.63822818
296.2462	0.63804966
296.3692	0.64000243
296.4923	0.63455373
296.6154	0.63247025
296.7385	0.63684654
296.8615	0.64213705
296.9846	0.64926916
297.1077	0.65118480
297.2308	0.64329821
297.3539	0.63550138
297.4769	0.63273275
297.6000	0.63056719
297.7231	0.63900840
297.8462	0.64588726
297.9692	0.63842899
298.0923	0.64045310
298.2154	0.64704698
298.3385	0.64925802
298.4615	0.64502078
298.5846	0.62943900
298.7077	0.62701583
298.8308	0.63663608
298.9539	0.64096582
299.0769	0.64534295
299.2000	0.64817858
299.3231	0.64418191
299.4462	0.63917923
299.5692	0.64092016
299.6923	0.63990557
299.8154	0.63369519
299.9385	0.63328081
300.0615	0.63448918
300.1846	0.64070332
300.3077	0.65109557
300.4308	0.65108067
300.5538	0.64463007
300.6769	0.63438040
300.8000	0.62788558
300.9231	0.63868403
301.0461	0.64317459
301.1692	0.63453376
301.2923	0.63868606
301.4154	0.64581102
301.5385	0.64751887
301.6615	0.64796376
301.7846	0.64025760
301.9077	0.63337952
302.0308	0.63031131
302.1538	0.63178563
302.2769	0.64117950
302.4000	0.64869434
302.5231	0.64844358
302.6461	0.64102125
302.7692	0.63949871
302.8923	0.64092934
303.0154	0.63836098
303.1385	0.63839865
303.2615	0.62994856
303.3846	0.63169551
303.5077	0.64787710
303.6308	0.65000814
303.7538	0.64996785
303.8769	0.64228821
304.0000	0.63101226
304.1231	0.63462627
304.2462	0.63615942
304.3692	0.63758773
304.4923	0.64122266
304.6154	0.64306438
304.7385	0.64338839
304.8615	0.64332110
304.9846	0.64737988
305.1077	0.64215785
305.2308	0.63315505
305.3539	0.62734663
305.4769	0.63059908
305.6000	0.64830506
305.7231	0.65101361
305.8462	0.64383417
305.9692	0.64246243
306.0923	0.63819671
306.2154	0.63739908
306.3385	0.63863927
306.4615	0.63584793
306.5846	0.63377762
306.7077	0.63950294
306.8308	0.64390254
306.9539	0.64777905
307.0769	0.65144002
307.2000	0.64006120
307.3231	0.63209945
307.4462	0.62978131
307.5692	0.63219124
307.6923	0.64556026
307.8154	0.64727104
307.9385	0.64241159
308.0615	0.64017111
308.1846	0.64301765
308.3077	0.64493138
308.4308	0.63763106
308.5538	0.63331813
308.6769	0.62919652
308.8000	0.63814372
308.9231	0.64777541
309.0461	0.64503884
309.1692	0.65190601
309.2923	0.64312017
309.4154	0.62956136
309.5385	0.63253313
309.6615	0.63613153
309.7846	0.64324653
309.9077	0.64186382
310.0308	0.63830560
310.1538	0.64361107
310.2769	0.64710850
310.4000	0.64594358
310.5231	0.63812476
310.6461	0.63188648
310.7692	0.62867999
310.8923	0.63530457
311.0154	0.64930427
311.1385	0.64841604
311.2615	0.64500928
311.3846	0.64404702
311.5077	0.63454938
311.6308	0.63227469
311.7538	0.63873029
311.8769	0.64012027
312.0000	0.63952178
312.1231	0.63754469
312.2462	0.64111662
312.3692	0.65297651
312.4923	0.64823031
312.6154	0.63430798
312.7385	0.63078493
312.8615	0.63116086
312.9846	0.63648754
313.1077	0.64537358
313.2308	0.64968300
313.3539	0.64568651
313.4769	0.64052069
313.6000	0.63716084
313.7231	0.63493741
313.8462	0.63953519
313.9692	0.63868046
314.0923	0.63491571
314.2154	0.63942575
314.3385	0.64368272
314.4615	0.65022177
314.5846	0.65044898
314.7077	0.63518149
314.8308	0.62702000
314.9539	0.63328284
315.0769	0.63805538
315.2000	0.64436018
315.3231	0.64931256
315.4462	0.64400434
315.5692	0.64130872
315.6923	0.63788748
315.8154	0.63542187
315.9385	0.63972610
316.0615	0.63835579
316.1846	0.63496995
316.3077	0.63677788
316.4308	0.64643544
316.5538	0.65226066
316.6769	0.64647681
316.8000	0.63631952
316.9231	0.62638891
317.0461	0.63344872
317.1692	0.64095569
317.2923	0.64106542
317.4154	0.65081674
317.5385	0.64635456
317.6615	0.63664401
317.7846	0.63843000
317.9077	0.63783139
318.0308	0.63855410
318.1538	0.63761109
318.2769	0.63548291
318.4000	0.63895333
318.5231	0.64561844
318.6461	0.65106684
318.7692	0.64707273
318.8923	0.63506234
319.0154	0.62660831
319.1385	0.63206244
319.2615	0.64331526
319.3846	0.64398098
319.5077	0.64579302
319.6308	0.64998519
319.7538	0.63792688
319.8769	0.63160330
320.0000	0.63984978
320.1231	0.63975096
320.2462	0.63820189
320.3692	0.63642192
320.4923	0.63801122
320.6154	0.64876121
320.7385	0.64910328
320.8615	0.64313591
320.9846	0.63603222
321.1077	0.62874979
321.2308	0.63125604
321.3539	0.64094925
321.4769	0.64890748
321.6000	0.64766628
321.7231	0.64574623
321.8462	0.63896984
321.9692	0.62987506
322.0923	0.63672602
322.2154	0.64183998
322.3385	0.63957036
322.4615	0.63978875
322.5846	0.63938874
322.7077	0.64418066
322.8308	0.64968628
322.9539	0.64246780
323.0769	0.63199162
323.2000	0.63236427
323.3231	0.63366222
323.4462	0.63901687
323.5692	0.64965010
323.6923	0.65018725
323.8154	0.64624560
323.9385	0.63508773
324.0615	0.62726760
324.1846	0.63608062
324.3077	0.64324296
324.4308	0.64313054
324.5538	0.64071244
324.6769	0.64280081
324.8000	0.64256346
324.9231	0.64091450
325.0461	0.64352131
325.1692	0.63427067
325.2923	0.63209170
325.4154	0.63789338
325.5385	0.63809031
325.6615	0.64936298
325.7846	0.65193534
325.9077	0.64285111
326.0308	0.63505387
326.1538	0.62610984
326.2769	0.63281667
326.4000	0.64543062
326.5231	0.64776975
326.6461	0.64453876
326.7692	0.64117312
326.8923	0.64054501
327.0154	0.63642293
327.1385	0.63709402
327.2615	0.63978213
327.3846	0.63694441
327.5077	0.64018011
327.6308	0.63992816
327.7538	0.64296591
327.8769	0.65280306
328.0000	0.64275974
328.1231	0.62989217
328.2462	0.63009340
328.3692	0.63405788
328.4923	0.64366937
328.6154	0.65033275
328.7385	0.64847738
328.8615	0.64227402
328.9846	0.63480937
329.1077	0.63065338
329.2308	0.63509500
329.3539	0.64336956
329.4769	0.64382797
329.6000	0.64304113
329.7231	0.64173639
329.8462	0.63825399
329.9692	0.64288312
330.0923	0.64402062
330.2154	0.63378656
330.3385	0.63042867
330.4615	0.63924533
330.5846	0.64393735
330.7077	0.64677089
330.8308	0.64946163
330.9539	0.64145720
331.0769	0.63436735
331.2000	0.62774259
331.3231	0.63021803
331.4462	0.64868605
331.5692	0.65148836
331.6923	0.64432538
331.8154	0.64055550
331.9385	0.63541663
332.0615	0.63483751
332.1846	0.63696676
332.3077	0.64160591
332.4308	0.64105213
332.5538	0.64080256
332.6769	0.64330393
332.8000	0.64024872
332.9231	0.64448524
333.0461	0.64217257
333.1692	0.63331342
333.2923	0.63365769
333.4154	0.63297766
333.5385	0.64356905
333.6615	0.65544546
333.7846	0.64648187
333.9077	0.63727045
334.0308	0.63371199
334.1538	0.63046908
334.2769	0.63405865
334.4000	0.64402610
334.5231	0.65108907
334.6461	0.64765561
334.7692	0.63906205
334.8923	0.63273072
335.0154	0.63456529
335.1385	0.64197117
335.2615	0.64055735
335.3846	0.63829243
335.5077	0.64266455
335.6308	0.64143217
335.7538	0.64295876
335.8769	0.64448464
336.0000	0.63738072
336.1231	0.63645905
336.2462	0.63448358
336.3692	0.63250464
336.4923	0.64509279
336.6154	0.65313071
336.7385	0.64745581
336.8615	0.63838321
336.9846	0.63034374
337.1077	0.62917423
337.2308	0.63731611
337.3539	0.64728552
337.4769	0.64861721
337.6000	0.64592797
337.7231	0.64120567
337.8462	0.63196880
337.9692	0.63246775
338.0923	0.63940752
338.2154	0.64310557
338.3385	0.64560854
338.4615	0.63950562
338.5846	0.63712275
338.7077	0.64577085
338.8308	0.64270109
338.9539	0.63486212
339.0769	0.63736326
339.2000	0.63741511
339.3231	0.63629532
339.4462	0.64325660
339.5692	0.64893991
339.6923	0.64797360
339.8154	0.63969594
339.9385	0.62872511
340.0615	0.62904966
340.1846	0.63898772
340.3077	0.64766896
340.4308	0.65010178
340.5538	0.64737159
340.6769	0.63797528
340.8000	0.62881309
340.9231	0.63431865
341.0461	0.63785696
341.1692	0.64236623
341.2923	0.65238017
341.4154	0.64265788
341.5385	0.63576502
341.6615	0.63726330
341.7846	0.63748991
341.9077	0.64277172
342.0308	0.63773465
342.1538	0.63730770
342.2769	0.64279252
342.4000	0.64297700
342.5231	0.64257234
342.6461	0.64096236
342.7692	0.64404798
342.8923	0.63343656
343.0154	0.62785655
343.1385	0.64140260
343.2615	0.64535958
343.3846	0.65104389
343.5077	0.64753789
343.6308	0.63422143
343.7538	0.63132739
343.8769	0.63089120
344.0000	0.63792014
344.1231	0.64749283
344.2462	0.65155387
344.3692	0.64613855
344.4923	0.63646126
344.6154	0.63066262
344.7385	0.63010389
344.8615	0.64302325
344.9846	0.64761841
345.1077	0.64244145
345.2308	0.64324570
345.3539	0.63994616
345.4769	0.63620120
345.6000	0.63673162
345.7231	0.64099151
345.8462	0.64018738
345.9692	0.63998914
346.0923	0.64122003
346.2154	0.63730025
346.3385	0.64648473
346.4615	0.64640403
346.5846	0.63496822
346.7077	0.63422132
346.8308	0.63343227
346.9539	0.64052463
347.0769	0.64633465
347.2000	0.64636070
347.3231	0.64769268
347.4462	0.63862795
347.5692	0.62832028
347.6923	0.62801546
347.8154	0.64171231
347.9385	0.65107256
348.0615	0.64761978
348.1846	0.64678198
348.3077	0.63616484
348.4308	0.62694228
348.5538	0.63482893
348.6769	0.64027894
348.8000	0.64506197
348.9231	0.65129930
349.0461	0.64402151
349.1692	0.63425624
349.2923	0.63285792
349.4154	0.63598579
349.5385	0.64321113
349.6615	0.64351553
349.7846	0.64012378
349.9077	0.64232486
350.0308	0.64160335
350.1538	0.63794655
350.2769	0.63747358
350.4000	0.64279741
350.5231	0.64003992
350.6461	0.63384724
350.7692	0.64044672
350.8923	0.64302564
351.0154	0.64618635
351.1385	0.64614671
351.2615	0.63369256
351.3846	0.63321280
351.5077	0.63664299
351.6308	0.63708049
351.7538	0.64568758
351.8769	0.65172839
352.0000	0.64592123
352.1231	0.63450074
352.2462	0.62936163
352.3692	0.63102007
352.4923	0.64032441
352.6154	0.65101957
352.7385	0.65008235
352.8615	0.64353132
352.9846	0.63547516
353.1077	0.62925202
353.2308	0.63237113
353.3539	0.64075243
353.4769	0.64759797
353.6000	0.65201515
353.7231	0.64455706
353.8462	0.62914687
353.9692	0.63300735
354.0923	0.64060903
354.2154	0.63737136
354.3385	0.64438355
354.4615	0.64848971
354.5846	0.64154184
354.7077	0.63581157
354.8308	0.63482451
354.9539	0.64005768
355.0769	0.64193541
355.2000	0.64116764
355.3231	0.63962221
355.4462	0.63943356
355.5692	0.64263773
355.6923	0.64020890
355.8154	0.64133763
355.9385	0.64065558
356.0615	0.63455433
356.1846	0.63914889
356.3077	0.63926816
356.4308	0.63971037
356.5538	0.65031582
356.6769	0.64524961
356.8000	0.63391674
356.9231	0.63267016
357.0461	0.63470286
357.1692	0.64005667
357.2923	0.64636326
357.4154	0.64959985
357.5385	0.64453030
357.6615	0.63605571
357.7846	0.63080347
357.9077	0.62879503
358.0308	0.64103043
358.1538	0.65276355
358.2769	0.64888686
358.4000	0.64373368
358.5231	0.63416624
358.6461	0.62883097
358.7692	0.63467258
358.8923	0.63812673
359.0154	0.64863592
359.1385	0.65564787
359.2615	0.64206076
359.3846	0.62991643
359.5077	0.63131082
359.6308	0.63622892
359.7538	0.63987905
359.8769	0.64790756
360.0000	0.65064174
360.1231	0.64101869
360.2462	0.63485557
360.3692	0.63198960
360.4923	0.63405156
360.6154	0.64380497
360.7385	0.64723372
360.8615	0.64460111
360.9846	0.64087403
361.1077	0.63559979
361.2308	0.63536602
361.3539	0.64027292
361.4769	0.63933426
361.6000	0.64145988
361.7231	0.64787793
361.8462	0.63840818
361.9692	0.63396335
362.0923	0.64178258
362.2154	0.64204711
362.3385	0.63982946
362.4615	0.63772064
362.5846	0.64064831
362.7077	0.64108711
362.8308	0.63941526
362.9539	0.64215308
363.0769	0.64060116
363.2000	0.64333767
363.3231	0.63629109
363.4462	0.63183701
363.5692	0.64381623
363.6923	0.64216185
363.8154	0.64466286
363.9385	0.64547867
364.0615	0.63555175
364.1846	0.63540995
364.3077	0.63494086
364.4308	0.63864410
364.5538	0.64420468
364.6769	0.64898580
364.8000	0.64685905
364.9231	0.63372576
365.0461	0.63210201
365.1692	0.63323933
365.2923	0.63940769
365.4154	0.64955521
365.5385	0.64657402
365.6615	0.64474636
365.7846	0.63947821
365.9077	0.62815803
366.0308	0.62895042
366.1538	0.64265728
366.2769	0.65030754
366.4000	0.64881575
366.5231	0.64496726
366.6461	0.63416213
366.7692	0.63033247
366.8923	0.63273966
367.0154	0.63732320
367.1385	0.65020043
367.2615	0.65391189
367.3846	0.64392859
367.5077	0.63145792
367.6308	0.62995207
367.7538	0.63377613
367.8769	0.63870299
368.0000	0.65096235
368.1231	0.65033478
368.2462	0.64379185
368.3692	0.63703787
368.4923	0.62548578
368.6154	0.63161230
368.7385	0.64443666
368.8615	0.64860636
368.9846	0.64983523
369.1077	0.64408481
369.2308	0.63369524
369.3539	0.62970436
369.4769	0.63366246
369.6000	0.63976234
369.7231	0.64891768
369.8462	0.65295225
369.9692	0.64247316
370.0923	0.63089818
370.2154	0.63180822
370.3385	0.63571537
370.4615	0.63954711
370.5846	0.64881152
370.7077	0.64859599
370.8308	0.64384532
370.9539	0.63658619
371.0769	0.62570018
371.2000	0.63567722
371.3231	0.64618438
371.4462	0.64467049
371.5692	0.64688736
371.6923	0.64385307
371.8154	0.63623768
371.9385	0.62984324
372.0615	0.63455504
372.1846	0.64339811
372.3077	0.64606404
372.4308	0.64916718
372.5538	0.64061242
372.6769	0.63335890
372.8000	0.63592225
372.9231	0.63432205
373.0461	0.64091653
373.1692	0.64802307
373.2923	0.64511275
373.4154	0.64292169
373.5385	0.63641757
373.6615	0.63026035
373.7846	0.63685054
373.9077	0.64501035
374.0308	0.64439809
374.1538	0.64312482
374.2769	0.64378297
374.4000	0.63762486
374.5231	0.63143468
374.6461	0.63617307
374.7692	0.64262694
374.8923	0.64653260
375.0154	0.64597350
375.1385	0.63804036
375.2615	0.63677281
375.3846	0.63833606
375.5077	0.63400018
375.6308	0.63914782
375.7538	0.64919877
375.8769	0.64513779
376.0000	0.63867342
376.1231	0.63771498
376.2462	0.63406259
376.3692	0.63729489
376.4923	0.64261889
376.6154	0.64340919
376.7385	0.64522076
376.8615	0.64195728
376.9846	0.63715535
377.1077	0.63306665
377.2308	0.63664907
377.3539	0.64330822
377.4769	0.64377880
377.6000	0.64677197
377.7231	0.63879514
377.8462	0.63607383
377.9692	0.64005864
378.0923	0.63160074
378.2154	0.64033270
378.3385	0.64937139
378.4615	0.64426064
378.5846	0.64047396
378.7077	0.63553375
378.8308	0.63659310
378.9539	0.63583994
379.0769	0.64035302
379.2000	0.64576095
379.3231	0.64414984
379.4462	0.64579999
379.5692	0.63505667
379.6923	0.63052547
379.8154	0.63932920
379.9385	0.64097786
380.0615	0.64410287
380.1846	0.64629757
380.3077	0.64298111
380.4308	0.63767076
380.5538	0.63338184
380.6769	0.63271415
380.8000	0.64059240
380.9231	0.64935619
381.0461	0.64488071
381.1692	0.64170706
381.2923	0.63950586
381.4154	0.63230306
381.5385	0.63264239
381.6615	0.64050680
381.7846	0.64659226
381.9077	0.64659315
382.0308	0.64667064
382.1538	0.63724464
382.2769	0.62774926
382.4000	0.63642716
382.5231	0.64052355
382.6461	0.64270264
382.7692	0.64985949
382.8923	0.64661968
383.0154	0.63847685
383.1385	0.63018614
383.2615	0.62942207
383.3846	0.64056313
383.5077	0.64825344
383.6308	0.64705503
383.7538	0.64521122
383.8769	0.64182204
384.0000	0.63161242
384.1231	0.62631214
384.2462	0.63817215
384.3692	0.64913070
384.4923	0.64804769
384.6154	0.64840120
384.7385	0.63993096
384.8615	0.62889957
384.9846	0.63223338
385.1077	0.63455033
385.2308	0.64343190
385.3539	0.65399319
385.4769	0.64865661
385.6000	0.63990563
385.7231	0.63073784
385.8462	0.62858868
385.9692	0.63505709
386.0923	0.64472479
386.2154	0.65155995
386.3385	0.64736003
386.4615	0.64434952
386.5846	0.63394690
386.7077	0.62293363
386.8308	0.63499129
386.9539	0.64656460
387.0769	0.64846921
387.2000	0.64976346
387.3231	0.64332926
387.4462	0.63422656
387.5692	0.62922215
387.6923	0.63030416
387.8154	0.64127982
387.9385	0.65263397
388.0615	0.65025175
388.1846	0.64100713
388.3077	0.63605011
388.4308	0.63214290
388.5538	0.63025331
388.6769	0.63932383
388.8000	0.64947307
388.9231	0.64839184
389.0461	0.64562392
389.1692	0.63783765
389.2923	0.62850326
389.4154	0.63479006
389.5385	0.64120233
389.6615	0.64145303
389.7846	0.64774531
389.9077	0.64755458
390.0308	0.63804984
390.1538	0.63377082
390.2769	0.63453507
390.4000	0.63786250
390.5231	0.64312303
390.6461	0.64471143
390.7692	0.64281654
390.8923	0.64096951
391.0154	0.64030194
391.1385	0.63590580
391.2615	0.63517433
391.3846	0.64208585
391.5077	0.64100277
391.6308	0.64172870
391.7538	0.64283645
391.8769	0.63878363
392.0000	0.64409083
392.1231	0.63929451
392.2462	0.63173234
392.3692	0.63979173
392.4923	0.64240366
392.6154	0.64032167
392.7385	0.64194369
392.8615	0.64735049
392.9846	0.64264268
393.1077	0.63112289
393.2308	0.63509905
393.3539	0.63706291
393.4769	0.63998473
393.6000	0.64919233
393.7231	0.64611226
393.8462	0.64311814
393.9692	0.63777483
394.0923	0.62905234
394.2154	0.63225329
394.3385	0.64006191
394.4615	0.64780927
394.5846	0.65167201
394.7077	0.64625436
394.8308	0.63530254
394.9539	0.62964505
395.0769	0.63267899
395.2000	0.63512689
395.3231	0.64419466
395.4462	0.65620518
395.5692	0.64946949
395.6923	0.63529885
395.8154	0.63122916
395.9385	0.63085300
396.0615	0.63370049
396.1846	0.64454496
396.3077	0.65054250
396.4308	0.64917606
396.5538	0.64480865
396.6769	0.63095242
396.8000	0.62732869
396.9231	0.63787341
397.0461	0.64162552
397.1692	0.64506310
397.2923	0.64825970
397.4154	0.64559549
397.5385	0.63702214
397.6615	0.63142109
397.7846	0.63650578
397.9077	0.63804919
398.0308	0.64334846
398.1538	0.64573866
398.2769	0.63961673
398.4000	0.64406335
398.5231	0.64009410
398.6461	0.63497090
398.7692	0.63962442
398.8923	0.63680691
399.0154	0.63911790
399.1385	0.64235753
399.2615	0.64242154
399.3846	0.64409781
399.5077	0.64407021
399.6308	0.64095497
399.7538	0.63006729
399.8769	0.63250828
400.0000	0.64255470
400.1231	0.64098275
400.2462	0.64655131
400.3692	0.65111488
400.4923	0.64177066
400.6154	0.63236165
400.7385	0.62849486
400.8615	0.63227212
400.9846	0.64369845
401.1077	0.65059829
401.2308	0.64862013
401.3539	0.64604795
401.4769	0.63753223
401.6000	0.62678921
401.7231	0.62861097
401.8462	0.63988829
401.9692	0.64865589
402.0923	0.65021455
402.2154	0.64808631
402.3385	0.63817799
402.4615	0.63096780
402.5846	0.63396037
402.7077	0.63327157
402.8308	0.64129347
402.9539	0.65189886
403.0769	0.64522564
403.2000	0.63968801
403.3231	0.63918924
403.4462	0.63612616
403.5692	0.63559359
403.6923	0.63840312
403.8154	0.64057487
403.9385	0.64152884
404.0615	0.64423048
404.1846	0.64345974
404.3077	0.64012313
404.4308	0.64157331
404.5538	0.63861895
404.6769	0.63120443
404.8000	0.63481355
404.9231	0.64211076
405.0461	0.64593345
405.1692	0.65008843
405.2923	0.64383972
405.4154	0.63729262
405.5385	0.63529593
405.6615	0.62665391
405.7846	0.63246882
405.9077	0.64935988
406.0308	0.65340441
406.1538	0.64686751
406.2769	0.64042616
406.4000	0.63711691
406.5231	0.62668538
406.6461	0.62859547
406.7692	0.64529788
406.8923	0.64762318
407.0154	0.64980817
407.1385	0.64695758
407.2615	0.63488996
407.3846	0.63374805
407.5077	0.63340187
407.6308	0.63694626
407.7538	0.64257586
407.8769	0.64377385
408.0000	0.64579481
408.1231	0.64235008
408.2462	0.63987434
408.3692	0.63772279
408.4923	0.63848191
408.6154	0.63920856
408.7385	0.63153267
408.8615	0.63839370
408.9846	0.64892399
409.1077	0.64510578
409.2308	0.64352858
409.3539	0.64477426
409.4769	0.63631481
409.6000	0.62624699
409.7231	0.63248390
409.8462	0.64121425
409.9692	0.64819992
410.0923	0.65398812
410.2154	0.64507532
410.3385	0.63738394
410.4615	0.63159907
410.5846	0.62819195
410.7077	0.63387877
410.8308	0.64423639
410.9539	0.65409029
411.0769	0.64650315
411.2000	0.64115459
411.3231	0.63825583
411.4462	0.63006032
411.5692	0.63702250
411.6923	0.63767904
411.8154	0.63995129
411.9385	0.64781123
412.0615	0.64239997
412.1846	0.64156055
412.3077	0.64198327
412.4308	0.64129007
412.5538	0.63672465
412.6769	0.63183200
412.8000	0.63652748
412.9231	0.63801146
413.0461	0.64593446
413.1692	0.65172327
413.2923	0.64441371
413.4154	0.64164823
413.5385	0.63506347
413.6615	0.62470007
413.7846	0.63070303
413.9077	0.64602464
414.0308	0.65024734
414.1538	0.64942098
414.2769	0.64666629
414.4000	0.63722980
414.5231	0.63054973
414.6461	0.62979603
414.7692	0.63618129
414.8923	0.64433908
415.0154	0.64878827
415.1385	0.64511132
415.2615	0.63919055
415.3846	0.64329243
415.5077	0.63853645
415.6308	0.63243240
415.7538	0.63847733
415.8769	0.63776189
416.0000	0.63744229
416.1231	0.64299178
416.2462	0.64723682
416.3692	0.64801574
416.4923	0.64434862
416.6154	0.63555694
416.7385	0.62768734
416.8615	0.63119829
416.9846	0.63829476
417.1077	0.64553308
417.2308	0.65216374
417.3539	0.65110618
417.4769	0.64115757
417.6000	0.63160574
417.7231	0.63000292
417.8462	0.63007361
417.9692	0.64219826
418.0923	0.64959663
418.2154	0.64172930
418.3385	0.64673173
418.4615	0.64481515
418.5846	0.63493568
418.7077	0.63498926
418.8308	0.63805056
418.9539	0.63930070
419.0769	0.63325095
419.2000	0.63974190
419.3231	0.64822817
419.4462	0.64662474
419.5692	0.64846808
419.6923	0.63924551
419.8154	0.63214839
419.9385	0.63173062
420.0615	0.62902552
420.1846	0.63916171
420.3077	0.65223312
420.4308	0.65296805
420.5538	0.64566004
420.6769	0.63875109
420.8000	0.63187838
420.9231	0.62932247
421.0461	0.63568425
421.1692	0.64147615
421.2923	0.64427847
421.4154	0.64692336
421.5385	0.64589858
421.6615	0.63868141
421.7846	0.63978839
421.9077	0.64214468
422.0308	0.63282388
422.1538	0.63295186
422.2769	0.63630158
422.4000	0.63965839
422.5231	0.64878964
422.6461	0.64991868
422.7692	0.64683527
422.8923	0.64105749
423.0154	0.63197982
423.1385	0.62465096
423.2615	0.63107932
423.3846	0.64686882
423.5077	0.64861399
423.6308	0.64725035
423.7538	0.64844066
423.8769	0.64043611
424.0000	0.63103479
424.1231	0.63339531
424.2462	0.63768488
424.3692	0.63731205
424.4923	0.64263403
424.6154	0.64106214
424.7385	0.64288825
424.8615	0.65015471
424.9846	0.64396280
425.1077	0.63921720
425.2308	0.63340747
425.3539	0.63073510
425.4769	0.63165939
425.6000	0.63668692
425.7231	0.65235442
425.8462	0.65164357
425.9692	0.64873332
426.0923	0.64172220
426.2154	0.62715542
426.3385	0.63269490
426.4615	0.63448036
426.5846	0.63690829
426.7077	0.64618504
426.8308	0.64697689
426.9539	0.64530843
427.0769	0.64062947
427.2000	0.64259803
427.3231	0.64039761
427.4462	0.63448322
427.5692	0.63439965
427.6923	0.63027930
427.8154	0.63763493
427.9385	0.64937526
428.0615	0.64954138
428.1846	0.64798164
428.3077	0.64683318
428.4308	0.63515729
428.5538	0.62254089
428.6769	0.63123071
428.8000	0.64107180
428.9231	0.64353245
429.0461	0.64838296
429.1692	0.64736813
429.2923	0.64413744
429.4154	0.63888580
429.5385	0.63657129
429.6615	0.63642061
429.7846	0.63512498
429.9077	0.63649935
430.0308	0.63399619
430.1538	0.64186859
430.2769	0.65275407
430.4000	0.64861912
430.5231	0.64631885
430.6461	0.63954693
430.7692	0.62750894
430.8923	0.62820256
431.0154	0.63419366
431.1385	0.64096648
431.2615	0.64937437
431.3846	0.65182525
431.5077	0.64542180
431.6308	0.63693875
431.7538	0.63821298
431.8769	0.63874668
432.0000	0.63183039
432.1231	0.63532096
432.2462	0.63845068
432.3692	0.63854086
432.4923	0.64649218
432.6154	0.64846504
432.7385	0.64977676
432.8615	0.64652044
432.9846	0.63079959
433.1077	0.62506986
433.2308	0.63189262
433.3539	0.63918883
433.4769	0.64240760
433.6000	0.64934647
433.7231	0.65397978
433.8462	0.64133483
433.9692	0.63498437
434.0923	0.63984650
434.2154	0.63549435
434.3385	0.63309216
434.4615	0.63699818
434.5846	0.63616776
434.7077	0.64021087
434.8308	0.65023524
434.9539	0.65113753
435.0769	0.64640492
435.2000	0.64066380
435.3231	0.63220656
435.4462	0.62589812
435.5692	0.62945026
435.6923	0.64192104
435.8154	0.64805663
435.9385	0.64870971
436.0615	0.64682347
436.1846	0.64165777
436.3077	0.64136606
436.4308	0.63713413
436.5538	0.63249183
436.6769	0.63666821
436.8000	0.63509262
436.9231	0.63276637
437.0461	0.64334571
437.1692	0.65276313
437.2923	0.65131992
437.4154	0.64680094
437.5385	0.63800800
437.6615	0.62902856
437.7846	0.62812740
437.9077	0.63417447
438.0308	0.63981229
438.1538	0.64392781
438.2769	0.65217632
438.4000	0.64501721
438.5231	0.63741642
438.6461	0.64800102
438.7692	0.64131367
438.8923	0.63100243
439.0154	0.63211364
439.1385	0.63238263
439.2615	0.63594472
439.3846	0.64083755
439.5077	0.65409267
439.6308	0.65454930
439.7538	0.64346385
439.8769	0.63961405
440.0000	0.62905931
440.1231	0.63005728
440.2462	0.63670754
440.3692	0.63704938
440.4923	0.64248884
440.6154	0.64361697
440.7385	0.64550960
440.8615	0.64724427
440.9846	0.64660794
441.1077	0.64258927
441.2308	0.63540721
441.3539	0.63047242
441.4769	0.62476963
441.6000	0.63390696
441.7231	0.64846671
441.8462	0.65008986
441.9692	0.64809138
442.0923	0.64767659
442.2154	0.64345956
442.3385	0.63104033
442.4615	0.63355279
442.5846	0.63963538
442.7077	0.63198793
442.8308	0.63519418
442.9539	0.63927698
443.0769	0.64446765
443.2000	0.65317094
443.3231	0.65082395
443.4462	0.64473897
443.5692	0.63555551
443.6923	0.63051391
443.8154	0.62752980
443.9385	0.62991256
444.0615	0.64565182
444.1846	0.64704919
444.3077	0.64233947
444.4308	0.64814335
444.5538	0.64589959
444.6769	0.64200580
444.8000	0.64191008
444.9231	0.63516474
445.0461	0.62891912
445.1692	0.62932640
445.2923	0.63496822
445.4154	0.64276427
445.5385	0.65075839
445.6615	0.65592211
445.7846	0.64658689
445.9077	0.63623703
446.0308	0.63692325
446.1538	0.63342685
446.2769	0.63292229
446.4000	0.63583374
446.5231	0.63521063
446.6461	0.64073443
446.7692	0.64485127
446.8923	0.64722902
447.0154	0.65293801
447.1385	0.65032357
447.2615	0.63615370
447.3846	0.62619984
447.5077	0.63004041
447.6308	0.63399827
447.7538	0.63554406
447.8769	0.64474618
448.0000	0.65027153
448.1231	0.64443552
448.2462	0.64410090
448.3692	0.64747494
448.4923	0.64165181
448.6154	0.63782310
448.7385	0.63195592
448.8615	0.62450212
448.9846	0.63195384
449.1077	0.64228624
449.2308	0.64759392
449.3539	0.65128356
449.4769	0.65138227
449.6000	0.64474839
449.7231	0.63464099
449.8462	0.63587618
449.9692	0.63734454
450.0923	0.63135886
450.2154	0.63377678
450.3385	0.63516599
450.4615	0.63781011
450.5846	0.65113318
450.7077	0.65409464
450.8308	0.64850712
450.9539	0.64492917
451.0769	0.63587838
451.2000	0.62812072
451.3231	0.62814707
451.4462	0.63664871
451.5692	0.64100343
451.6923	0.63772076
451.8154	0.64421785
451.9385	0.64750493
452.0615	0.64835495
452.1846	0.65179908
452.3077	0.64142799
452.4308	0.63430500
452.5538	0.63084918
452.6769	0.62491643
452.8000	0.63108134
452.9231	0.64353406
453.0461	0.64983881
453.1692	0.64524543
453.2923	0.64505839
453.4154	0.64927089
453.5385	0.64334750
453.6615	0.63932842
453.7846	0.63748878
453.9077	0.63024521
454.0308	0.62655693
454.1538	0.63193226
454.2769	0.63999128
454.4000	0.64953852
454.5231	0.65534472
454.6461	0.64729178
454.7692	0.64229357
454.8923	0.64182961
455.0154	0.63609320
455.1385	0.63408798
455.2615	0.63333851
455.3846	0.63183761
455.5077	0.63137496
455.6308	0.63882154
455.7538	0.65010548
455.8769	0.65125108
456.0000	0.65364301
456.1231	0.64849031
456.2462	0.63182342
456.3692	0.63244861
456.4923	0.63714820
456.6154	0.63055968
456.7385	0.63208956
456.8615	0.63895613
456.9846	0.64127630
457.1077	0.64203238
457.2308	0.65026909
457.3539	0.65862638
457.4769	0.64628929
457.6000	0.63540214
457.7231	0.63313401
457.8462	0.62724423
457.9692	0.63276207
458.0923	0.63577878
458.2154	0.63763475
458.3385	0.64485896
458.4615	0.64367002
458.5846	0.64729941
458.7077	0.65160877
458.8308	0.65092039
458.9539	0.64177495
459.0769	0.62909734
459.2000	0.62886405
459.3231	0.62808228
459.4462	0.63339967
459.5692	0.64308357
459.6923	0.64361966
459.8154	0.64495659
459.9385	0.64850473
460.0615	0.64938068
460.1846	0.64480865
460.3077	0.64608598
460.4308	0.63871264
460.5538	0.62299484
460.6769	0.62657285
460.8000	0.63324869
460.9231	0.63942748
461.0461	0.64431614
461.1692	0.64822710
461.2923	0.65047914
461.4154	0.64350289
461.5385	0.64802927
461.6615	0.64507174
461.7846	0.63633156
461.9077	0.63546288
462.0308	0.62366486
462.1538	0.62551963
462.2769	0.63849568
462.4000	0.64522386
462.5231	0.64777625
462.6461	0.64810699
462.7692	0.65113455
462.8923	0.64453375
463.0154	0.64070386
463.1385	0.64329970
463.2615	0.63586807
463.3846	0.62712061
463.5077	0.62619662
463.6308	0.63098162
463.7538	0.63978291
463.8769	0.65075600
464.0000	0.64959115
464.1231	0.64787740
464.2462	0.64980483
464.3692	0.64192390
464.4923	0.63990921
464.6154	0.63882905
464.7385	0.63387871
464.8615	0.62612534
464.9846	0.62490809
465.1077	0.63857371
465.2308	0.64260530
465.3539	0.64974034
465.4769	0.65524507
465.6000	0.64535248
465.7231	0.64454520
465.8462	0.64438403
465.9692	0.63893455
466.0923	0.63340360
466.2154	0.63173091
466.3385	0.62909591
466.4615	0.62529546
466.5846	0.63831139
466.7077	0.65082049
466.8308	0.65128869
466.9539	0.64880389
467.0769	0.64805359
467.2000	0.64556581
467.3231	0.63934141
467.4462	0.63941872
467.5692	0.63303894
467.6923	0.62851632
467.8154	0.62911397
467.9385	0.62722778
468.0615	0.64220345
468.1846	0.65263444
468.3077	0.65029967
468.4308	0.64838856
468.5538	0.64647812
468.6769	0.64722854
468.8000	0.63835394
468.9231	0.63630325
469.0461	0.63673055
469.1692	0.62364757
469.2923	0.62618864
469.4154	0.63581240
469.5385	0.64140874
469.6615	0.65089101
469.7846	0.65201491
469.9077	0.64782131
470.0308	0.64538717
470.1538	0.64589673
470.2769	0.64392102
470.4000	0.63418460
470.5231	0.63044930
470.6461	0.62849921
470.7692	0.62463069
470.8923	0.63474691
471.0154	0.64620829
471.1385	0.64842921
471.2615	0.64994276
471.3846	0.64798599
471.5077	0.64624894
471.6308	0.64810038
471.7538	0.64489639
471.8769	0.63388145
472.0000	0.62777591
472.1231	0.62852603
472.2462	0.62704939
472.3692	0.63263869
472.4923	0.64603966
472.6154	0.65042627
472.7385	0.64363217
472.8615	0.64650851
472.9846	0.65482891
473.1077	0.64729798
473.2308	0.64272100
473.3539	0.63834524
473.4769	0.62657917
473.6000	0.62578243
473.7231	0.62877184
473.8462	0.63567424
473.9692	0.64162534
474.0923	0.64385444
474.2154	0.64698976
474.3385	0.64537764
474.4615	0.65393221
474.5846	0.65550858
474.7077	0.64114100
474.8308	0.63668752
474.9539	0.63099861
475.0769	0.62522948
475.2000	0.62976009
475.3231	0.63504928
475.4462	0.63781267
475.5692	0.63888270
475.6923	0.64340484
475.8154	0.64992094
475.9385	0.65383303
476.0615	0.65550166
476.1846	0.64737582
476.3077	0.63415980
476.4308	0.63309813
476.5538	0.63284594
476.6769	0.62768167
476.8000	0.63222754
476.9231	0.63458455
477.0461	0.63358665
477.1692	0.64021295
477.2923	0.64985168
477.4154	0.65681934
477.5385	0.65410107
477.6615	0.64719790
477.7846	0.64050406
477.9077	0.63644588
478.0308	0.63717175
478.1538	0.63168699
478.2769	0.62656736
478.4000	0.63039410
478.5231	0.63184088
478.6461	0.63379794
478.7692	0.64894456
478.8923	0.65776616
479.0154	0.64932829
479.1385	0.64690465
479.2615	0.64809185
479.3846	0.64467740
479.5077	0.63916242
479.6308	0.63444936
479.7538	0.63042557
479.8769	0.62208420
480.0000	0.62759262
480.1231	0.63777351
480.2462	0.63995266
480.3692	0.64964569
480.4923	0.64975482
480.6154	0.64542586
480.7385	0.65161568
480.8615	0.65300530
480.9846	0.64690077
481.1077	0.63635343
481.2308	0.63016969
481.3539	0.62758964
481.4769	0.62509960
481.6000	0.63287508
481.7231	0.63811570
481.8462	0.63655221
481.9692	0.64315367
482.0923	0.64771098
482.2154	0.65049720
482.3385	0.65880799
482.4615	0.65335131
482.5846	0.63934577
482.7077	0.63502210
482.8308	0.63529491
482.9539	0.63141960
483.0769	0.62627399
483.2000	0.63193977
483.3231	0.63331085
483.4462	0.62906206
483.5692	0.64260817
483.6923	0.65581691
483.8154	0.65411067
483.9385	0.65022749
484.0615	0.64880002
484.1846	0.64535773
484.3077	0.64126700
484.4308	0.63922471
484.5538	0.63209748
484.6769	0.62631541
484.8000	0.62457383
484.9231	0.62776923
485.0461	0.63678217
485.1692	0.64387178
485.2923	0.64925587
485.4154	0.64594066
485.5385	0.64866018
485.6615	0.65576100
485.7846	0.65010154
485.9077	0.64869368
486.0308	0.63857549
486.1538	0.62754101
486.2769	0.62939286
486.4000	0.62712300
486.5231	0.63071299
486.6461	0.63325411
486.7692	0.63613498
486.8923	0.63971722
487.0154	0.64143246
487.1385	0.65807897
487.2615	0.65969658
487.3846	0.64717591
487.5077	0.64701748
487.6308	0.64340436
487.7538	0.63617957
487.8769	0.63309371
488.0000	0.63292873
488.1231	0.62739456
488.2462	0.62214243
488.3692	0.63030654
488.4923	0.63937366
488.6154	0.64520472
488.7385	0.65109038
488.8615	0.65094781
488.9846	0.64725584
489.1077	0.65211409
489.2308	0.65544027
489.3539	0.64275944
489.4769	0.63610470
489.6000	0.63400614
489.7231	0.62393171
489.8462	0.62388587
489.9692	0.63292956
490.0923	0.63662618
490.2154	0.63238603
490.3385	0.63627690
490.4615	0.65053213
490.5846	0.65305030
490.7077	0.65433055
490.8308	0.65710360
490.9539	0.64648771
491.0769	0.64026946
491.2000	0.64039570
491.3231	0.63545692
491.4462	0.63129389
491.5692	0.62688977
491.6923	0.62420672
491.8154	0.62619638
491.9385	0.63438839
492.0615	0.64665347
492.1846	0.64734846
492.3077	0.64598823
492.4308	0.65245414
492.5538	0.65295637
492.6769	0.65321839
492.8000	0.65129834
492.9231	0.64079159
493.0461	0.63430101
493.1692	0.62832600
493.2923	0.62526870
493.4154	0.63042700
493.5385	0.63200068
493.6615	0.62969559
493.7846	0.63027847
493.9077	0.64192080
494.0308	0.65443712
494.1538	0.65163285
494.2769	0.65299362
494.4000	0.65635693
494.5231	0.64616585
494.6461	0.64231914
494.7692	0.64543343
494.8923	0.63886666
495.0154	0.62677115
495.1385	0.62220240
495.2615	0.62598521
495.3846	0.62895268
495.5077	0.63454318
495.6308	0.64068604
495.7538	0.64043617
495.8769	0.64424908
496.0000	0.65449142
496.1231	0.65706086
496.2462	0.65372688
496.3692	0.65341169
496.4923	0.64377069
496.6154	0.63367933
496.7385	0.63660336
496.8615	0.63447469
496.9846	0.62759060
497.1077	0.62254834
497.2308	0.62461013
497.3539	0.63245279
497.4769	0.63651729
497.6000	0.64746499
497.7231	0.64951092
497.8462	0.64628464
497.9692	0.65558207
498.0923	0.65378016
498.2154	0.65235507
498.3385	0.65280122
498.4615	0.64028090
498.5846	0.63043094
498.7077	0.62724257
498.8308	0.63298273
498.9539	0.62951446
499.0769	0.62114924
499.2000	0.63050419
499.3231	0.63416374
499.4462	0.63649678
499.5692	0.64944959
499.6923	0.65606761
499.8154	0.65288162
499.9385	0.64926159
500.0615	0.65300024
500.1846	0.65290183
500.3077	0.64730823
500.4308	0.64029324
500.5538	0.62995410
500.6769	0.62532496
500.8000	0.62656814
500.9231	0.62904358
501.0461	0.62755370
501.1692	0.63008624
501.2923	0.63621867
501.4154	0.63667887
501.5385	0.64896846
501.6615	0.65903825
501.7846	0.65428174
501.9077	0.65216440
502.0308	0.64997715
502.1538	0.65057784
502.2769	0.64707190
502.4000	0.63919419
502.5231	0.63375247
502.6461	0.62303591
502.7692	0.62362605
502.8923	0.62893963
503.0154	0.62675714
503.1385	0.63284671
503.2615	0.63634080
503.3846	0.63608015
503.5077	0.64613819
503.6308	0.65758353
503.7538	0.65896428
503.8769	0.65201664
504.0000	0.64986676
