# TMM+ASM Intensity at z=40, theta=40.0 deg
# Wavelength: 520 nm, CG: 550um n=1.52
# AR: SiO2(34.6)/TiO2(25.9)/SiO2(20.7)/TiO2(169.5) nm
# Columns: x_um	intensity
# N_points: 4096
0.0000	0.53110200
0.1231	0.53346884
0.2462	0.54539043
0.3692	0.54872632
0.4923	0.56062305
0.6154	0.54780471
0.7385	0.55051637
0.8615	0.55098671
0.9846	0.55773622
1.1077	0.56597465
1.2308	0.55862552
1.3538	0.54636842
1.4769	0.53837746
1.6000	0.52902240
1.7231	0.54101819
1.8462	0.54660743
1.9692	0.55700672
2.0923	0.56632960
2.2154	0.55997229
2.3385	0.56158715
2.4615	0.54813802
2.5846	0.54315424
2.7077	0.54528266
2.8308	0.54360431
2.9538	0.55163270
3.0769	0.54554224
3.2000	0.54091740
3.3231	0.54460156
3.4462	0.55089504
3.5692	0.56580567
3.6923	0.57237118
3.8154	0.55794030
3.9385	0.55260491
4.0615	0.52956808
4.1846	0.53709781
4.3077	0.53675330
4.4308	0.54840887
4.5538	0.55628181
4.6769	0.55936629
4.8000	0.55706871
4.9231	0.55718476
5.0462	0.54572040
5.1692	0.55502379
5.2923	0.55090076
5.4154	0.55625796
5.5385	0.55007720
5.6615	0.53282291
5.7846	0.53275228
5.9077	0.53495169
6.0308	0.55829024
6.1538	0.57608169
6.2769	0.57295179
6.4000	0.55986428
6.5231	0.53954697
6.6462	0.53062028
6.7692	0.54312325
6.8923	0.54640150
7.0154	0.55770421
7.1385	0.54975802
7.2615	0.54306901
7.3846	0.54762399
7.5077	0.54812068
7.6308	0.56404001
7.7538	0.56598443
7.8769	0.56084704
8.0000	0.55208659
8.1231	0.53394896
8.2462	0.52959454
8.3692	0.53525466
8.4923	0.54492080
8.6154	0.56566536
8.7385	0.56567788
8.8615	0.56227243
8.9846	0.55443299
9.1077	0.54073042
9.2308	0.55031645
9.3538	0.54522276
9.4769	0.55283827
9.6000	0.54641950
9.7231	0.54188061
9.8462	0.54072130
9.9692	0.54806662
10.0923	0.55132610
10.2154	0.56977493
10.3385	0.55954528
10.4615	0.56587768
10.5846	0.54649282
10.7077	0.53935605
10.8308	0.53351289
10.9538	0.53376949
11.0769	0.54541123
11.2000	0.55872637
11.3231	0.56174171
11.4462	0.56707382
11.5692	0.55160075
11.6923	0.54805160
11.8154	0.54549229
11.9385	0.54595983
12.0615	0.55599076
12.1846	0.54943258
12.3077	0.54390335
12.4308	0.53928733
12.5538	0.53428638
12.6769	0.55448002
12.8000	0.56297886
12.9231	0.57541925
13.0462	0.56733114
13.1692	0.54772770
13.2923	0.53185904
13.4154	0.52916235
13.5385	0.53287244
13.6615	0.55840987
13.7846	0.55624759
13.9077	0.56645834
14.0308	0.55145377
14.1538	0.54879540
14.2769	0.54987311
14.4000	0.55228072
14.5231	0.55526376
14.6462	0.55450833
14.7692	0.54189867
14.8923	0.54269797
15.0154	0.53443700
15.1385	0.54230738
15.2615	0.55538327
15.3846	0.56199485
15.5077	0.57458502
15.6308	0.56154203
15.7538	0.54883730
15.8769	0.53704643
16.0000	0.52895117
16.1231	0.54127574
16.2462	0.54819262
16.3692	0.55519688
16.4923	0.56054741
16.6154	0.55585784
16.7385	0.55647129
16.8615	0.55426103
16.9846	0.54425925
17.1077	0.55207348
17.2308	0.54366863
17.3538	0.55554467
17.4769	0.54736507
17.6000	0.54021358
17.7231	0.53656256
17.8462	0.54381555
17.9692	0.55983347
18.0923	0.57946855
18.2154	0.56706035
18.3385	0.55673820
18.4615	0.53031588
18.5846	0.52588123
18.7077	0.53698969
18.8308	0.54617506
18.9538	0.56298476
19.0769	0.56239134
19.2000	0.55819368
19.3231	0.55597621
19.4462	0.54507399
19.5692	0.54736322
19.6923	0.54916632
19.8154	0.54946452
19.9385	0.55443156
20.0615	0.54426336
20.1846	0.53938031
20.3077	0.54324794
20.4308	0.54419947
20.5538	0.56651050
20.6769	0.56380856
20.8000	0.56665874
20.9231	0.55324799
21.0462	0.54089683
21.1692	0.53355086
21.2923	0.53517067
21.4154	0.53633356
21.5385	0.55777252
21.6615	0.55831033
21.7846	0.57185411
21.9077	0.56170166
22.0308	0.54992425
22.1538	0.54336911
22.2769	0.53524148
22.4000	0.54315740
22.5231	0.55168784
22.6462	0.55327493
22.7692	0.55619705
22.8923	0.54594254
23.0154	0.54176188
23.1385	0.55104327
23.2615	0.55511051
23.3846	0.57109869
23.5077	0.56194246
23.6308	0.54635280
23.7538	0.53465879
23.8769	0.52384222
24.0000	0.53981709
24.1231	0.55322683
24.2462	0.56531799
24.3692	0.57107210
24.4923	0.56202340
24.6154	0.55205864
24.7385	0.54582572
24.8615	0.53146499
24.9846	0.54110968
25.1077	0.53997296
25.2308	0.55380601
25.3538	0.56104565
25.4769	0.55599660
25.6000	0.55626917
25.7231	0.54827654
25.8462	0.54767239
25.9692	0.55298418
26.0923	0.55062479
26.2154	0.55220759
26.3385	0.55055982
26.4615	0.53835899
26.5846	0.54421884
26.7077	0.53692955
26.8308	0.55406666
26.9538	0.56478775
27.0769	0.56979281
27.2000	0.56723279
27.3231	0.54770035
27.4462	0.53093410
27.5692	0.52897006
27.6923	0.53116083
27.8154	0.55233431
27.9385	0.56573552
28.0615	0.56709111
28.1846	0.56853491
28.3077	0.54684603
28.4308	0.54423523
28.5538	0.53822416
28.6769	0.54219967
28.8000	0.55128539
28.9231	0.55050260
29.0462	0.55009127
29.1692	0.55299097
29.2923	0.54777193
29.4154	0.55579805
29.5385	0.55240643
29.6615	0.55125511
29.7846	0.55736041
29.9077	0.55004752
30.0308	0.55419719
30.1538	0.54150814
30.2769	0.53271282
30.4000	0.53761041
30.5231	0.54683244
30.6462	0.56696862
30.7692	0.57704294
30.8923	0.56471735
31.0154	0.55241132
31.1385	0.53294528
31.2615	0.52623796
31.3846	0.53839469
31.5077	0.54142123
31.6308	0.56455398
31.7538	0.56403667
31.8769	0.56625980
32.0000	0.55692446
32.1231	0.54516548
32.2462	0.53801525
32.3692	0.54413414
32.4923	0.54151195
32.6154	0.55724645
32.7385	0.54960978
32.8615	0.55285197
32.9846	0.55128467
33.1077	0.54684532
33.2308	0.55403495
33.3538	0.55302882
33.4769	0.55411339
33.6000	0.55723238
33.7231	0.54849237
33.8462	0.54625881
33.9692	0.54016525
34.0923	0.53352702
34.2154	0.54603440
34.3385	0.55328614
34.4615	0.56981623
34.5846	0.57635647
34.7077	0.55806422
34.8308	0.54573756
34.9538	0.52354556
35.0769	0.52664185
35.2000	0.54191029
35.3231	0.55698979
35.4462	0.56721067
35.5692	0.56806535
35.6923	0.55443931
35.8154	0.55726457
35.9385	0.54137498
36.0615	0.54088628
36.1846	0.53723502
36.3077	0.53858662
36.4308	0.55599713
36.5538	0.56039703
36.6769	0.56135470
36.8000	0.55452037
36.9231	0.54341996
37.0462	0.54522228
37.1692	0.55203372
37.2923	0.54912484
37.4154	0.55885476
37.5385	0.54533273
37.6615	0.54945809
37.7846	0.54323417
37.9077	0.54017407
38.0308	0.54761958
38.1538	0.55627060
38.2769	0.56585246
38.4000	0.57150698
38.5231	0.55145723
38.6462	0.53919148
38.7692	0.52887106
38.8923	0.53034443
39.0154	0.55036485
39.1385	0.55506790
39.2615	0.56605834
39.3846	0.56770205
39.5077	0.55996317
39.6308	0.55687904
39.7538	0.53792864
39.8769	0.52899545
40.0000	0.53217369
40.1231	0.54144418
40.2462	0.56011105
40.3692	0.57181603
40.4923	0.56297904
40.6154	0.56409782
40.7385	0.54089820
40.8615	0.53990209
40.9846	0.53437871
41.1077	0.54085886
41.2308	0.55464578
41.3538	0.56183112
41.4769	0.55628091
41.6000	0.55408770
41.7231	0.54066652
41.8462	0.54915237
41.9692	0.55421466
42.0923	0.55211747
42.2154	0.55556053
42.3385	0.54320395
42.4615	0.54916424
42.5846	0.55000132
42.7077	0.54570997
42.8308	0.54511583
42.9538	0.54609460
43.0769	0.55271685
43.2000	0.57032859
43.3231	0.56194812
43.4462	0.55540514
43.5692	0.53853285
43.6923	0.52734643
43.8154	0.53828532
43.9385	0.54258245
44.0615	0.55837005
44.1846	0.56863445
44.3077	0.56801051
44.4308	0.56580585
44.5538	0.54885489
44.6769	0.52975291
44.8000	0.52983832
44.9231	0.53136069
45.0462	0.55128080
45.1692	0.56550658
45.2923	0.56321430
45.4154	0.56939715
45.5385	0.55457902
45.6615	0.55056429
45.7846	0.53901052
45.9077	0.53026444
46.0308	0.53315955
46.1538	0.54937571
46.2769	0.55840319
46.4000	0.57682240
46.5231	0.55991316
46.6462	0.55259156
46.7692	0.53979254
46.8923	0.53520864
47.0154	0.54611456
47.1385	0.54991120
47.2615	0.55350316
47.3846	0.55670643
47.5077	0.54986119
47.6308	0.55133575
47.7538	0.55231851
47.8769	0.54570079
48.0000	0.55386919
48.1231	0.54597056
48.2462	0.55182803
48.3692	0.55531025
48.4923	0.55014825
48.6154	0.55096191
48.7385	0.54164845
48.8615	0.53929889
48.9846	0.54976690
49.1077	0.55601215
49.2308	0.56444478
49.3538	0.56549513
49.4769	0.54791903
49.6000	0.54624540
49.7231	0.53245127
49.8462	0.53539324
49.9692	0.54495895
50.0923	0.55158150
50.2154	0.56740284
50.3385	0.56961352
50.4615	0.56090605
50.5846	0.55214286
50.7077	0.53666186
50.8308	0.53022039
50.9538	0.53895575
51.0769	0.53717327
51.2000	0.55911815
51.3231	0.56257659
51.4462	0.57223946
51.5692	0.56971544
51.6923	0.55197322
51.8154	0.53404230
51.9385	0.52675700
52.0615	0.52512294
52.1846	0.54931056
52.3077	0.56190580
52.4308	0.56982976
52.5538	0.57199848
52.6769	0.55354500
52.8000	0.55012965
52.9231	0.53804159
53.0462	0.53293997
53.1692	0.53787702
53.2923	0.54204804
53.4154	0.55397165
53.5385	0.56935549
53.6615	0.56558925
53.7846	0.56476194
53.9077	0.54822826
54.0308	0.53271604
54.1538	0.53634965
54.2769	0.53490031
54.4000	0.55328482
54.5231	0.56119442
54.6462	0.56070954
54.7692	0.55973494
54.8923	0.55181450
55.0154	0.54419130
55.1385	0.54817367
55.2615	0.54000860
55.3846	0.54653907
55.5077	0.55059326
55.6308	0.55019152
55.7538	0.56229961
55.8769	0.55278784
56.0000	0.55224800
56.1231	0.54661345
56.2462	0.54284257
56.3692	0.54590189
56.4923	0.55344063
56.6154	0.55011040
56.7385	0.56201750
56.8615	0.54935062
56.9846	0.54863971
57.1077	0.54408324
57.2308	0.54022110
57.3538	0.55158174
57.4769	0.55577821
57.6000	0.55722982
57.7231	0.55874729
57.8462	0.54854280
57.9692	0.54585892
58.0923	0.54758668
58.2154	0.53942227
58.3385	0.54873800
58.4615	0.54655236
58.5846	0.55340457
58.7077	0.56406897
58.8308	0.55908352
58.9538	0.55881643
59.0769	0.54652649
59.2000	0.53394413
59.3231	0.53510261
59.4462	0.54054964
59.5692	0.55090868
59.6923	0.57003450
59.8154	0.56211543
59.9385	0.56378430
60.0615	0.54947662
60.1846	0.54040253
60.3077	0.54182023
60.4308	0.53621179
60.5538	0.53939837
60.6769	0.54860610
60.8000	0.55618519
60.9231	0.57094574
61.0462	0.57341719
61.1692	0.55391818
61.2923	0.54601455
61.4154	0.52398449
61.5385	0.53220958
61.6615	0.54123902
61.7846	0.55203766
61.9077	0.56354004
62.0308	0.56866288
62.1538	0.56333506
62.2769	0.56357151
62.4000	0.54234529
62.5231	0.53279287
62.6462	0.53071338
62.7692	0.53188050
62.8923	0.55315298
63.0154	0.56070268
63.1385	0.56723756
63.2615	0.57199585
63.3846	0.56003302
63.5077	0.55002469
63.6308	0.53476501
63.7538	0.52125698
63.8769	0.53169626
64.0000	0.54834616
64.1231	0.56279278
64.2462	0.57905531
64.3692	0.56167328
64.4923	0.56068242
64.6154	0.54660618
64.7385	0.53990901
64.8615	0.53351998
64.9846	0.53137815
65.1077	0.53295535
65.2308	0.55991596
65.3538	0.56712735
65.4769	0.58123022
65.6000	0.56759298
65.7231	0.54573107
65.8462	0.53590804
65.9692	0.52654624
66.0923	0.53153485
66.2154	0.54554325
66.3385	0.55181253
66.4615	0.56663907
66.5846	0.57220119
66.7077	0.56423301
66.8308	0.55987728
66.9538	0.54096961
67.0769	0.52899587
67.2000	0.53188372
67.3231	0.52934188
67.4462	0.55306649
67.5692	0.56410539
67.6923	0.57469112
67.8154	0.57244360
67.9385	0.55932951
68.0615	0.53741455
68.1846	0.53672183
68.3077	0.52281737
68.4308	0.54058343
68.5538	0.54569560
68.6769	0.55871665
68.8000	0.57068217
68.9231	0.57071131
69.0462	0.56263566
69.1692	0.55430806
69.2923	0.53207397
69.4154	0.52921665
69.5385	0.52965838
69.6615	0.53721380
69.7846	0.56064475
69.9077	0.56896925
70.0308	0.57399017
70.1538	0.57045954
70.2769	0.54682428
70.4000	0.53984439
70.5231	0.52898163
70.6462	0.53068972
70.7692	0.54070979
70.8923	0.55091810
71.0154	0.55767578
71.1385	0.57686549
71.2615	0.56549549
71.3846	0.56848621
71.5077	0.54364049
71.6308	0.52930743
71.7538	0.52462000
71.8769	0.53205615
72.0000	0.54554677
72.1231	0.56857431
72.2462	0.56717122
72.3692	0.57218170
72.4923	0.56204212
72.6154	0.54635799
72.7385	0.54285347
72.8615	0.52897251
72.9846	0.52983570
73.1077	0.53930062
73.2308	0.54812670
73.3538	0.56814051
73.4769	0.57751709
73.6000	0.56912291
73.7231	0.55969465
73.8462	0.53772676
73.9692	0.52555251
74.0923	0.53368104
74.2154	0.53329903
74.3385	0.55343181
74.4615	0.55916411
74.5846	0.56581473
74.7077	0.57147944
74.8308	0.56561291
74.9538	0.54907048
75.0769	0.54065037
75.2000	0.52302289
75.3231	0.53103739
75.4462	0.54330438
75.5692	0.55184686
75.6923	0.57070673
75.8154	0.56811649
75.9385	0.56745714
76.0615	0.55885929
76.1846	0.54126108
76.3077	0.52999568
76.4308	0.53320080
76.5538	0.53324944
76.6769	0.55494946
76.8000	0.55758703
76.9231	0.56167781
77.0462	0.56849921
77.1692	0.56084657
77.2923	0.55794430
77.4154	0.54312128
77.5385	0.52658433
77.6615	0.52905804
77.7846	0.54248691
77.9077	0.55399883
78.0308	0.57204175
78.1538	0.55929506
78.2769	0.55833930
78.4000	0.55554223
78.5231	0.54907840
78.6462	0.54851043
78.7692	0.53724062
78.8923	0.53115052
79.0154	0.54318506
79.1385	0.55271304
79.2615	0.56255001
79.3846	0.56865579
79.5077	0.55315608
79.6308	0.55462271
79.7538	0.54760540
79.8769	0.54194659
80.0000	0.54560214
80.1231	0.53980082
80.2462	0.54534537
80.3692	0.55281866
80.4923	0.55274808
80.6154	0.55602181
80.7385	0.56100166
80.8615	0.55130315
80.9846	0.56021917
81.1077	0.54370332
81.2308	0.54252613
81.3538	0.54172206
81.4769	0.54351676
81.6000	0.54884762
81.7231	0.55481911
81.8462	0.54776835
81.9692	0.55839163
82.0923	0.55868649
82.2154	0.55783296
82.3385	0.55965978
82.4615	0.54217148
82.5846	0.53970146
82.7077	0.53787076
82.8308	0.53765553
82.9538	0.54907441
83.0769	0.55619031
83.2000	0.55912757
83.3231	0.56869310
83.4462	0.55979031
83.5692	0.55285406
83.6923	0.54978472
83.8154	0.53410351
83.9385	0.53814101
84.0615	0.53315043
84.1846	0.53851241
84.3077	0.55582303
84.4308	0.56932485
84.5538	0.57375580
84.6769	0.57264197
84.8000	0.54797900
84.9231	0.53846747
85.0462	0.53439015
85.1692	0.52872449
85.2923	0.54154319
85.4154	0.53992975
85.5385	0.55378598
85.6615	0.56937551
85.7846	0.57712495
85.9077	0.57006001
86.0308	0.56020200
86.1538	0.53027374
86.2769	0.53090453
86.4000	0.52618378
86.5231	0.53506351
86.6462	0.55107903
86.7692	0.55838859
86.8923	0.56841362
87.0154	0.57455993
87.1385	0.56226194
87.2615	0.55434483
87.3846	0.54287076
87.5077	0.52877516
87.6308	0.53485346
87.7538	0.53351742
87.8769	0.54400724
88.0000	0.56243438
88.1231	0.56469673
88.2462	0.57098699
88.3692	0.56165487
88.4923	0.54794616
88.6154	0.54399514
88.7385	0.54309440
88.8615	0.53620481
88.9846	0.54701239
89.1077	0.53862900
89.2308	0.55044645
89.3538	0.55761099
89.4769	0.55842340
89.6000	0.56203586
89.7231	0.55803531
89.8462	0.54961020
89.9692	0.55155104
90.0923	0.54529357
90.2154	0.53974217
90.3385	0.54718065
90.4615	0.53753179
90.5846	0.54785234
90.7077	0.54845953
90.8308	0.55312157
90.9538	0.56501138
91.0769	0.56970155
91.2000	0.56074709
91.3231	0.55523348
91.4462	0.53527278
91.5692	0.53124160
91.6923	0.53865325
91.8154	0.53589320
91.9385	0.54907590
92.0615	0.55155843
92.1846	0.56118602
92.3077	0.57637584
92.4308	0.57526523
92.5538	0.55846548
92.6769	0.54416150
92.8000	0.52177358
92.9231	0.52541947
93.0462	0.53715074
93.1692	0.54200405
93.2923	0.55963075
93.4154	0.56298453
93.5385	0.56941283
93.6615	0.57480210
93.7846	0.56166911
93.9077	0.54522330
94.0308	0.53610432
94.1538	0.52446407
94.2769	0.53350556
94.4000	0.54448706
94.5231	0.54666561
94.6462	0.56613833
94.7692	0.56264180
94.8923	0.56745547
95.0154	0.56020623
95.1385	0.55137289
95.2615	0.54024428
95.3846	0.54890168
95.5077	0.53544700
95.6308	0.54797280
95.7538	0.53875643
95.8769	0.54357558
96.0000	0.55251968
96.1231	0.55985379
96.2462	0.55950165
96.3692	0.56491768
96.4923	0.55143791
96.6154	0.55595708
96.7385	0.55409527
96.8615	0.54443878
96.9846	0.53922492
97.1077	0.53092134
97.2308	0.52747428
97.3538	0.55035460
97.4769	0.55632144
97.6000	0.57354414
97.7231	0.57186830
97.8462	0.56527668
97.9692	0.55395836
98.0923	0.55268526
98.2154	0.52917778
98.3385	0.53548640
98.4615	0.52182209
98.5846	0.53576398
98.7077	0.55127823
98.8308	0.56758469
98.9538	0.57352597
99.0769	0.57833171
99.2000	0.55749679
99.3231	0.55180496
99.4462	0.53972208
99.5692	0.52969259
99.6923	0.53729659
99.8154	0.53602892
99.9385	0.54349542
100.0615	0.55534744
100.1846	0.55673015
100.3077	0.56350178
100.4308	0.56693631
100.5538	0.55642807
100.6769	0.55461282
100.8000	0.54896772
100.9231	0.53960836
101.0462	0.54893446
101.1692	0.53953719
101.2923	0.54031736
101.4154	0.54078287
101.5385	0.54130131
101.6615	0.55182272
101.7846	0.56746888
101.9077	0.56563348
102.0308	0.57133770
102.1538	0.56199014
102.2769	0.54662216
102.4000	0.54489827
102.5231	0.52834082
102.6462	0.52820492
102.7692	0.53295445
102.8923	0.54082197
103.0154	0.55496931
103.1385	0.57336211
103.2615	0.57017541
103.3846	0.57740903
103.5077	0.56257010
103.6308	0.54422396
103.7538	0.53728610
103.8769	0.52505970
104.0000	0.53127140
104.1231	0.54285908
104.2462	0.54788685
104.3692	0.55336320
104.4923	0.56269461
104.6154	0.55693340
104.7385	0.57040054
104.8615	0.56170279
104.9846	0.55184138
105.1077	0.54757029
105.2308	0.54012328
105.3538	0.54169029
105.4769	0.54745460
105.6000	0.53829706
105.7231	0.53673822
105.8462	0.54280448
105.9692	0.54611570
106.0923	0.56919801
106.2154	0.57342696
106.3385	0.56825566
106.4615	0.56542981
106.5846	0.54925203
106.7077	0.54104018
106.8308	0.53588963
106.9538	0.52583671
107.0769	0.52620232
107.2000	0.54154819
107.3231	0.54660714
107.4462	0.57312661
107.5692	0.57431322
107.6923	0.57194567
107.8154	0.56556922
107.9385	0.55147243
108.0615	0.53891557
108.1846	0.53906125
108.3077	0.53120756
108.4308	0.53596556
108.5538	0.54653704
108.6769	0.54252845
108.8000	0.55684382
108.9231	0.55482733
109.0462	0.55859780
109.1692	0.56424487
109.2923	0.56487274
109.4154	0.55596524
109.5385	0.55919737
109.6615	0.54310453
109.7846	0.54176176
109.9077	0.53863227
110.0308	0.52783084
110.1538	0.53271788
110.2769	0.53946728
110.4000	0.55081552
110.5231	0.57431877
110.6462	0.57929498
110.7692	0.57219476
110.8923	0.56476903
111.0154	0.54685205
111.1385	0.53717697
111.2615	0.53935206
111.3846	0.52422392
111.5077	0.53361493
111.6308	0.53585696
111.7538	0.55004483
111.8769	0.56376803
112.0000	0.57305586
112.1231	0.55912483
112.2462	0.56485331
112.3692	0.55005330
112.4923	0.55486661
112.6154	0.55577403
112.7385	0.54565990
112.8615	0.53963220
112.9846	0.53573054
113.1077	0.52912045
113.2308	0.53845555
113.3538	0.54719019
113.4769	0.54967690
113.6000	0.56873912
113.7231	0.56861103
113.8462	0.57217103
113.9692	0.57235402
114.0923	0.55576050
114.2154	0.54270267
114.3385	0.53269666
114.4615	0.52017224
114.5846	0.52693677
114.7077	0.54014623
114.8308	0.54630905
114.9538	0.56610978
115.0769	0.56562436
115.2000	0.56394136
115.3231	0.56729490
115.4462	0.55772358
115.5692	0.55498344
115.6923	0.55273366
115.8154	0.54330754
115.9385	0.53808296
116.0615	0.54195106
116.1846	0.52895111
116.3077	0.54272407
116.4308	0.53911591
116.5538	0.54733437
116.6769	0.55723315
116.8000	0.56804997
116.9231	0.57025504
117.0462	0.58165222
117.1692	0.56370568
117.2923	0.55012405
117.4154	0.53709781
117.5385	0.52066463
117.6615	0.52843857
117.7846	0.53479075
117.9077	0.53974241
118.0308	0.55123317
118.1538	0.55917096
118.2769	0.56156456
118.4000	0.57531381
118.5231	0.56572324
118.6462	0.55733937
118.7692	0.55511248
118.8923	0.54446185
119.0154	0.54831588
119.1385	0.54753578
119.2615	0.53562707
119.3846	0.53229642
119.5077	0.53174883
119.6308	0.53215832
119.7538	0.55190647
119.8769	0.56303197
120.0000	0.56779486
120.1231	0.58128357
120.2462	0.56767344
120.3692	0.56511986
120.4923	0.55264676
120.6154	0.54075742
120.7385	0.52669150
120.8615	0.53220516
120.9846	0.52050751
121.1077	0.54371166
121.2308	0.54860914
121.3538	0.55889010
121.4769	0.56267774
121.6000	0.56171614
121.7231	0.55564237
121.8462	0.56814623
121.9692	0.56265891
122.0923	0.56078601
122.2154	0.55642962
122.3385	0.53930122
122.4615	0.53478539
122.5846	0.53286612
122.7077	0.52366048
122.8308	0.53415740
122.9538	0.54075456
123.0769	0.55328393
123.2000	0.57041770
123.3231	0.57826436
123.4462	0.56985235
123.5692	0.57544512
123.6923	0.55355579
123.8154	0.54749066
123.9385	0.53753489
124.0615	0.53041363
124.1846	0.53344864
124.3077	0.54391891
124.4308	0.53835917
124.5538	0.54312563
124.6769	0.54419541
124.8000	0.54492676
124.9231	0.56789732
125.0462	0.56942010
125.1692	0.57099384
125.2923	0.56854308
125.4154	0.56250405
125.5385	0.55412477
125.6615	0.55300117
125.7846	0.52795190
125.9077	0.51988983
126.0308	0.52206475
126.1538	0.52850348
126.2769	0.55285424
126.4000	0.56245661
126.5231	0.56127554
126.6462	0.56512308
126.7692	0.56601495
126.8923	0.56209207
127.0154	0.56911272
127.1385	0.55597997
127.2615	0.54811668
127.3846	0.54929763
127.5077	0.53719401
127.6308	0.53650934
127.7538	0.53211164
127.8769	0.52595234
128.0000	0.53186172
128.1231	0.54774213
128.2462	0.55298513
128.3692	0.57546842
128.4923	0.57869500
128.6154	0.57371038
128.7385	0.57229131
128.8615	0.55386961
128.9846	0.54328990
129.1077	0.53959382
129.2308	0.53552020
129.3539	0.53112847
129.4769	0.54200590
129.6000	0.53032976
129.7231	0.54263902
129.8462	0.54492760
129.9692	0.54969257
130.0923	0.55912954
130.2154	0.56878388
130.3385	0.56654024
130.4615	0.57736665
130.5846	0.57197988
130.7077	0.55897367
130.8308	0.55243003
130.9538	0.52998626
131.0769	0.52052325
131.2000	0.52577645
131.3231	0.52893806
131.4462	0.54247129
131.5692	0.55342698
131.6923	0.55117512
131.8154	0.55652845
131.9385	0.56720948
132.0615	0.56219411
132.1846	0.57428294
132.3077	0.56440127
132.4308	0.55860472
132.5538	0.55782926
132.6769	0.55335766
132.8000	0.53828335
132.9231	0.53400266
133.0462	0.51786834
133.1692	0.51832891
133.2923	0.53727728
133.4154	0.54417717
133.5385	0.56347317
133.6615	0.56997299
133.7846	0.56897247
133.9077	0.56817645
134.0308	0.57129586
134.1538	0.55624217
134.2769	0.56119579
134.4000	0.55205464
134.5231	0.54287571
134.6461	0.54298317
134.7692	0.53340805
134.8923	0.52786785
135.0154	0.53189635
135.1385	0.52979052
135.2615	0.53382331
135.3846	0.55387330
135.5077	0.56140548
135.6308	0.57851702
135.7538	0.58523643
135.8769	0.56936991
136.0000	0.56343365
136.1231	0.55396670
136.2462	0.54604918
136.3692	0.54470539
136.4923	0.54225487
136.6154	0.52734232
136.7385	0.53663003
136.8615	0.53134435
136.9846	0.53391218
137.1077	0.54125500
137.2308	0.54227912
137.3539	0.55235487
137.4769	0.57115734
137.6000	0.57693118
137.7231	0.57738656
137.8462	0.58066308
137.9692	0.55835176
138.0923	0.55502814
138.2154	0.54072332
138.3385	0.52976435
138.4615	0.52997756
138.5846	0.53698182
138.7077	0.53283042
138.8308	0.54082930
138.9538	0.53635842
139.0769	0.53509718
139.2000	0.55461383
139.3231	0.56125504
139.4462	0.56977391
139.5692	0.57620150
139.6923	0.57225454
139.8154	0.57129788
139.9385	0.57365632
140.0615	0.55250847
140.1846	0.53540355
140.3077	0.52789956
140.4308	0.51866394
140.5538	0.53523231
140.6769	0.54084772
140.8000	0.53816634
140.9231	0.53900850
141.0462	0.54467571
141.1692	0.54732347
141.2923	0.56752026
141.4154	0.57091296
141.5385	0.56842130
141.6615	0.57933545
141.7846	0.57059431
141.9077	0.56806892
142.0308	0.55598640
142.1538	0.53956783
142.2769	0.52180165
142.4000	0.53056920
142.5231	0.52103412
142.6461	0.53604722
142.7692	0.54009396
142.8923	0.54188114
143.0154	0.54731345
143.1385	0.55585265
143.2615	0.55271602
143.3846	0.56780708
143.5077	0.57474816
143.6308	0.57504708
143.7538	0.57997441
143.8769	0.56895989
144.0000	0.54968745
144.1231	0.54679418
144.2462	0.52981049
144.3692	0.52670550
144.4923	0.52629149
144.6154	0.52855527
144.7385	0.52832770
144.8615	0.54990894
144.9846	0.54224372
145.1077	0.55569029
145.2308	0.55465519
145.3539	0.55873990
145.4769	0.56687784
145.6000	0.58385563
145.7231	0.57654119
145.8462	0.57733405
145.9692	0.56267095
146.0923	0.54126775
146.2154	0.53886914
146.3385	0.53053117
146.4615	0.52534336
146.5846	0.52990550
146.7077	0.52985924
146.8308	0.53072453
146.9538	0.54590404
147.0769	0.54748285
147.2000	0.54950821
147.3231	0.56156170
147.4462	0.55864209
147.5692	0.57313216
147.6923	0.58409750
147.8154	0.58172643
147.9385	0.57066184
148.0615	0.56142253
148.1846	0.53685486
148.3077	0.53482902
148.4308	0.53483677
148.5538	0.52681822
148.6769	0.53294975
148.8000	0.53006768
148.9231	0.52987808
149.0462	0.53868347
149.1692	0.54755807
149.2923	0.54436344
149.4154	0.56166697
149.5385	0.56472933
149.6615	0.57438874
149.7846	0.58826774
149.9077	0.58016741
150.0308	0.56839138
150.1538	0.55803347
150.2769	0.54430944
150.4000	0.53431177
150.5231	0.54216474
150.6461	0.52883619
150.7692	0.53279686
150.8923	0.53188980
151.0154	0.52644843
151.1385	0.52956724
151.2615	0.53856134
151.3846	0.54154050
151.5077	0.55893326
151.6308	0.57423323
151.7538	0.57232046
151.8769	0.58365571
152.0000	0.57815492
152.1231	0.56857169
152.2462	0.56449687
152.3692	0.55308431
152.4923	0.54074347
152.6154	0.54448038
152.7385	0.54189765
152.8615	0.53187454
152.9846	0.53364718
153.1077	0.51667249
153.2308	0.51847684
153.3539	0.53081489
153.4769	0.54269505
153.6000	0.55373633
153.7231	0.57013190
153.8462	0.56787169
153.9692	0.57290548
154.0923	0.58140779
154.2154	0.56793571
154.3385	0.57025629
154.4615	0.56321603
154.5846	0.55788136
154.7077	0.55316365
154.8308	0.55463153
154.9538	0.53188276
155.0769	0.53018028
155.2000	0.51799423
155.3231	0.51272303
155.4462	0.52450538
155.5692	0.53705704
155.6923	0.54467499
155.8154	0.55952406
155.9385	0.55995482
156.0615	0.55680388
156.1846	0.56994802
156.3077	0.57328725
156.4308	0.57379711
156.5538	0.58189285
156.6769	0.56853551
156.8000	0.56605190
156.9231	0.56182218
157.0462	0.55003512
157.1692	0.52847153
157.2923	0.52753538
157.4154	0.51230109
157.5385	0.52606112
157.6615	0.53564906
157.7846	0.53529561
157.9077	0.53513056
158.0308	0.54095429
158.1538	0.54159015
158.2769	0.55601472
158.4000	0.57189000
158.5231	0.56830734
158.6461	0.58391559
158.7692	0.58410317
158.8923	0.57852465
159.0154	0.57041967
159.1385	0.56030512
159.2615	0.54205298
159.3846	0.54612112
159.5077	0.54126579
159.6308	0.53053355
159.7538	0.53229237
159.8769	0.52496213
160.0000	0.52135128
160.1231	0.52805448
160.2462	0.52566719
160.3692	0.52964938
160.4923	0.55071455
160.6154	0.56648743
160.7385	0.57309300
160.8615	0.58471000
160.9846	0.56641686
161.1077	0.56963497
161.2308	0.57349008
161.3539	0.57693017
161.4769	0.56652105
161.6000	0.56761503
161.7231	0.54532492
161.8462	0.54421949
161.9692	0.53990126
162.0923	0.52334166
162.2154	0.51589298
162.3385	0.51595563
162.4615	0.51921296
162.5846	0.53443569
162.7077	0.55027962
162.8308	0.54186147
162.9538	0.54983151
163.0769	0.55281210
163.2000	0.55835348
163.3231	0.57556844
163.4462	0.58472270
163.5692	0.58042216
163.6923	0.58327055
163.8154	0.57814837
163.9385	0.56135178
164.0615	0.55913955
164.1846	0.54630852
164.3077	0.53367114
164.4308	0.53758222
164.5538	0.53075260
164.6769	0.52689183
164.8000	0.52647829
164.9231	0.52446055
165.0462	0.51399398
165.1692	0.53227079
165.2923	0.53081042
165.4154	0.55059254
165.5385	0.56522423
165.6615	0.57526070
165.7846	0.57054377
165.9077	0.58035201
166.0308	0.56955057
166.1538	0.57238388
166.2769	0.58070791
166.4000	0.57299042
166.5231	0.56847072
166.6461	0.56326413
166.7692	0.54602432
166.8923	0.53516454
167.0154	0.53167266
167.1385	0.51764911
167.2615	0.51627493
167.3846	0.52526844
167.5077	0.52162975
167.6308	0.53503472
167.7538	0.53861910
167.8769	0.53669012
168.0000	0.53971535
168.1231	0.55511916
168.2462	0.55833399
168.3692	0.57993257
168.4923	0.58947998
168.6154	0.58184612
168.7385	0.58303702
168.8615	0.57468891
168.9846	0.56546760
169.1077	0.56307465
169.2308	0.56384844
169.3539	0.54589301
169.4769	0.54845774
169.6000	0.53656071
169.7231	0.52497894
169.8462	0.52308220
169.9692	0.51682109
170.0923	0.51030004
170.2154	0.52017868
170.3385	0.53247744
170.4615	0.53705025
170.5846	0.55762613
170.7077	0.55320746
170.8308	0.55246502
170.9538	0.56112093
171.0769	0.57176024
171.2000	0.57873738
171.3231	0.59380114
171.4462	0.58713752
171.5692	0.57477009
171.6923	0.57629591
171.8154	0.56358993
171.9385	0.55364984
172.0615	0.55001760
172.1846	0.53679842
172.3077	0.53126121
172.4308	0.53520393
172.5538	0.52938932
172.6769	0.51546222
172.8000	0.52009970
172.9231	0.50706995
173.0462	0.52174985
173.1692	0.53488386
173.2923	0.54896897
173.4154	0.54975212
173.5385	0.56792831
173.6615	0.55916375
173.7846	0.56862009
173.9077	0.57669610
174.0308	0.57758564
174.1538	0.58279037
174.2769	0.59172118
174.4000	0.58163714
174.5231	0.57284206
174.6461	0.56723416
174.7692	0.54864734
174.8923	0.54156309
175.0154	0.54216570
175.1385	0.52765429
175.2615	0.52898127
175.3846	0.52692062
175.5077	0.52085394
175.6308	0.51437116
175.7538	0.52072209
175.8769	0.51057655
176.0000	0.52820826
176.1231	0.54433143
176.2462	0.55343240
176.3692	0.56347471
176.4923	0.56831717
176.6154	0.56276476
176.7385	0.56952924
176.8615	0.58566719
176.9846	0.58072120
177.1077	0.59087729
177.2308	0.58577609
177.3539	0.57562953
177.4769	0.57056653
177.6000	0.56653219
177.7231	0.54622078
177.8462	0.53842980
177.9692	0.53584576
178.0923	0.52525479
178.2154	0.53377181
178.3385	0.52836531
178.4615	0.51438200
178.5846	0.50828642
178.7077	0.51298505
178.8308	0.51553643
178.9538	0.53594381
179.0769	0.54878068
179.2000	0.54495323
179.3231	0.55772430
179.4462	0.56230813
179.5692	0.56687385
179.6923	0.57539088
179.8154	0.58380949
179.9385	0.57827389
180.0615	0.59133136
180.1846	0.59417111
180.3077	0.58026069
180.4308	0.57640088
180.5538	0.56113404
180.6769	0.54974866
180.8000	0.54735857
180.9231	0.54971772
181.0462	0.53272957
181.1692	0.53466940
181.2923	0.52335048
181.4154	0.51006871
181.5385	0.51053751
181.6615	0.51077968
181.7846	0.51341879
181.9077	0.52755606
182.0308	0.54054058
182.1538	0.53408933
182.2769	0.54796869
182.4000	0.54873788
182.5231	0.55556297
182.6461	0.56971562
182.7692	0.58097845
182.8923	0.57913792
183.0154	0.59184694
183.1385	0.59499979
183.2615	0.58469981
183.3846	0.58385664
183.5077	0.57361788
183.6308	0.56121111
183.7538	0.56799978
183.8769	0.56499499
184.0000	0.55396432
184.1231	0.54167873
184.2462	0.53275424
184.3692	0.50847679
184.4923	0.51921153
184.6154	0.51244271
184.7385	0.51738566
184.8615	0.51672500
184.9846	0.52562368
185.1077	0.51262790
185.2308	0.52908975
185.3539	0.53053868
185.4769	0.53660214
185.6000	0.54988396
185.7231	0.56302798
185.8462	0.56656492
185.9692	0.58412707
186.0923	0.58855605
186.2154	0.58036095
186.3385	0.58116353
186.4615	0.58490306
186.5846	0.58028889
186.7077	0.59668851
186.8308	0.58920592
186.9538	0.57484573
187.0769	0.55845594
187.2000	0.55523551
187.3231	0.53636003
187.4462	0.54329717
187.5692	0.53449202
187.6923	0.52307016
187.8154	0.52118510
187.9385	0.51945239
188.0615	0.50924999
188.1846	0.50821453
188.3077	0.51196969
188.4308	0.50614303
188.5538	0.52615440
188.6769	0.53624696
188.8000	0.54062116
188.9231	0.54751170
189.0462	0.55467200
189.1692	0.55176550
189.2923	0.56499320
189.4154	0.58138967
189.5385	0.58231306
189.6615	0.59780747
189.7846	0.59806311
189.9077	0.58802050
190.0308	0.58287019
190.1538	0.58535898
190.2769	0.57585144
190.4000	0.57811534
190.5231	0.57800519
190.6461	0.55883211
190.7692	0.55383253
190.8923	0.54496664
191.0154	0.52942371
191.1385	0.52049941
191.2615	0.52053422
191.3846	0.51150054
191.5077	0.51415652
191.6308	0.52201307
191.7538	0.50795543
191.8769	0.51095283
192.0000	0.50929737
192.1231	0.51442796
192.2462	0.52008903
192.3692	0.54698551
192.4923	0.54404598
192.6154	0.55890596
192.7385	0.56220514
192.8615	0.56230015
192.9846	0.56612700
193.1077	0.58605564
193.2308	0.58844566
193.3539	0.59472346
193.4769	0.60116041
193.6000	0.59225994
193.7231	0.58784723
193.8462	0.59346396
193.9692	0.57748282
194.0923	0.57099211
194.2154	0.56817806
194.3385	0.56740195
194.4615	0.55528545
194.5846	0.55853432
194.7077	0.52836502
194.8308	0.51622719
194.9538	0.51352358
195.0769	0.51779306
195.2000	0.51416570
195.3231	0.51954210
195.4462	0.50753826
195.5692	0.49877357
195.6923	0.51151085
195.8154	0.51167917
195.9385	0.51640654
196.0615	0.52600956
196.1846	0.53656775
196.3077	0.54128963
196.4308	0.56189603
196.5538	0.56276715
196.6769	0.55810982
196.8000	0.57113981
196.9231	0.57969707
197.0462	0.58863580
197.1692	0.60132933
197.2923	0.60435975
197.4154	0.59195346
197.5385	0.59546131
197.6615	0.59252250
197.7846	0.57955855
197.9077	0.58581698
198.0308	0.58281076
198.1538	0.57650250
198.2769	0.56686014
198.4000	0.55981976
198.5231	0.53208315
198.6461	0.53201628
198.7692	0.53002775
198.8923	0.52239978
199.0154	0.51959628
199.1385	0.51567894
199.2615	0.50417036
199.3846	0.50163889
199.5077	0.50887787
199.6308	0.49649084
199.7538	0.50334746
199.8769	0.51273942
200.0000	0.52033669
200.1231	0.53020477
200.2462	0.54101378
200.3692	0.53378314
200.4923	0.53487438
200.6154	0.55595410
200.7385	0.56372654
200.8615	0.58092058
200.9846	0.59133351
201.1077	0.58845747
201.2308	0.58416200
201.3539	0.59682375
201.4769	0.59705502
201.6000	0.59510517
201.7231	0.60602802
201.8462	0.59836417
201.9692	0.59533405
202.0923	0.59518170
202.2154	0.58596635
202.3385	0.56627423
202.4615	0.56458938
202.5846	0.55941176
202.7077	0.54827940
202.8308	0.55477011
202.9538	0.53985143
203.0769	0.52513605
203.2000	0.51161134
203.3231	0.51189178
203.4462	0.49639961
203.5692	0.50991112
203.6923	0.50823331
203.8154	0.50346601
203.9385	0.50081789
204.0615	0.50356245
204.1846	0.49633974
204.3077	0.50697118
204.4308	0.52012956
204.5538	0.52178413
204.6769	0.53227317
204.8000	0.54689687
204.9231	0.54481322
205.0462	0.55574918
205.1692	0.56256437
205.2923	0.56770289
205.4154	0.57132143
205.5385	0.59975392
205.6615	0.59607273
205.7846	0.60508174
205.9077	0.60198689
206.0308	0.59836340
206.1538	0.59154081
206.2769	0.60834730
206.4000	0.60749388
206.5231	0.60092252
206.6461	0.60323542
206.7692	0.58853102
206.8923	0.57580477
207.0154	0.57198066
207.1385	0.56695080
207.2615	0.55301273
207.3846	0.55552065
207.5077	0.54977113
207.6308	0.53052557
207.7538	0.52642971
207.8769	0.51515186
208.0000	0.50443435
208.1231	0.50194484
208.2462	0.50702876
208.3692	0.49612230
208.4923	0.50046283
208.6154	0.50336796
208.7385	0.49185982
208.8615	0.49214932
208.9846	0.49619931
209.1077	0.50196582
209.2308	0.51229870
209.3539	0.53389162
209.4769	0.52686340
209.6000	0.52768117
209.7231	0.53698218
209.8462	0.54340816
209.9692	0.55748123
210.0923	0.57418114
210.2154	0.58048117
210.3385	0.57587832
210.4615	0.59773964
210.5846	0.59610856
210.7077	0.59911221
210.8308	0.60070240
210.9538	0.60693920
211.0769	0.60450780
211.2000	0.62230742
211.3231	0.62299079
211.4462	0.60526401
211.5692	0.59847546
211.6923	0.59559405
211.8154	0.58885574
211.9385	0.59526348
212.0615	0.59394914
212.1846	0.57778996
212.3077	0.56175333
212.4308	0.56271571
212.5538	0.54038948
212.6769	0.54012990
212.8000	0.53332400
212.9231	0.52920699
213.0462	0.51488012
213.1692	0.52101701
213.2923	0.50278318
213.4154	0.49292564
213.5385	0.49289319
213.6615	0.48864633
213.7846	0.48660478
213.9077	0.49462333
214.0308	0.49707898
214.1538	0.48755148
214.2769	0.49483797
214.4000	0.49346071
214.5231	0.49137521
214.6461	0.50619864
214.7692	0.51934862
214.8923	0.52443153
215.0154	0.53208673
215.1385	0.54201818
215.2615	0.53384352
215.3846	0.54711801
215.5077	0.56354678
215.6308	0.57117492
215.7538	0.58277017
215.8769	0.59430313
216.0000	0.59403652
216.1231	0.59123760
216.2462	0.60987127
216.3692	0.60510147
216.4923	0.61222720
216.6154	0.62035292
216.7385	0.62585533
216.8615	0.61899650
216.9846	0.62576854
217.1077	0.61914814
217.2308	0.60241574
217.3539	0.60946745
217.4769	0.61015993
217.6000	0.60850888
217.7231	0.60364193
217.8462	0.59799165
217.9692	0.57101238
218.0923	0.56495744
218.2154	0.56784934
218.3385	0.55874735
218.4615	0.55410498
218.5846	0.54776478
218.7077	0.53126621
218.8308	0.51752853
218.9538	0.51938045
219.0769	0.50797772
219.2000	0.49534225
219.3231	0.50005901
219.4462	0.49260384
219.5692	0.49060354
219.6923	0.48747614
219.8154	0.48514566
219.9385	0.46496230
220.0615	0.47575992
220.1846	0.47935331
220.3077	0.48409721
220.4308	0.48956370
220.5538	0.49370039
220.6769	0.48405427
220.8000	0.48694658
220.9231	0.50250983
221.0462	0.50319070
221.1692	0.51699907
221.2923	0.52976835
221.4154	0.53315294
221.5385	0.53449273
221.6615	0.54848802
221.7846	0.55170465
221.9077	0.55520296
222.0308	0.57727081
222.1538	0.58480781
222.2769	0.58979571
222.4000	0.60054910
222.5231	0.60614830
222.6461	0.60140198
222.7692	0.61005461
222.8923	0.62461054
223.0154	0.62010312
223.1385	0.63702774
223.2615	0.63944584
223.3846	0.63630211
223.5077	0.62331533
223.6308	0.63474721
223.7538	0.62593603
223.8769	0.63265318
224.0000	0.64157879
224.1231	0.63334829
224.2462	0.61784685
224.3692	0.61387771
224.4923	0.61015987
224.6154	0.59759533
224.7385	0.60379821
224.8615	0.59823823
224.9846	0.58249801
225.1077	0.57803649
225.2308	0.57177490
225.3539	0.55555511
225.4769	0.54330945
225.6000	0.54518646
225.7231	0.53073597
225.8462	0.52850938
225.9692	0.52813721
226.0923	0.51226509
226.2154	0.49580908
226.3385	0.49034229
226.4615	0.48766214
226.5846	0.47739610
226.7077	0.48983666
226.8308	0.47988635
226.9538	0.46967369
227.0769	0.46110064
227.2000	0.46337825
227.3231	0.45426610
227.4462	0.46259752
227.5692	0.47025192
227.6923	0.46207872
227.8154	0.46383417
227.9385	0.46798104
228.0615	0.46735066
228.1846	0.46577975
228.3077	0.47935167
228.4308	0.47975245
228.5538	0.48464787
228.6769	0.50265783
228.8000	0.50634110
228.9231	0.50388527
229.0462	0.50839394
229.1692	0.51889825
229.2923	0.52299678
229.4154	0.54565442
229.5385	0.56095934
229.6615	0.55471534
229.7846	0.56017172
229.9077	0.56771231
230.0308	0.57849157
230.1538	0.58361894
230.2769	0.61001408
230.4000	0.60456550
230.5231	0.61326444
230.6461	0.62177312
230.7692	0.62982762
230.8923	0.62276202
231.0154	0.63646340
231.1385	0.64677197
231.2615	0.64778113
231.3846	0.66073275
231.5077	0.66454583
231.6308	0.65348125
231.7538	0.65293932
231.8769	0.66330642
232.0000	0.66440910
232.1231	0.66249728
232.2462	0.67692763
232.3692	0.66525489
232.4923	0.65994728
232.6154	0.65628660
232.7385	0.65508038
232.8615	0.64304262
232.9846	0.65397060
233.1077	0.65883720
233.2308	0.64128292
233.3539	0.63405079
233.4769	0.62371910
233.6000	0.61580175
233.7231	0.61021245
233.8462	0.62072694
233.9692	0.60373509
234.0923	0.58988070
234.2154	0.58861423
234.3385	0.57835400
234.4615	0.56580895
234.5846	0.55764097
234.7077	0.55415893
234.8308	0.53717089
234.9538	0.54424256
235.0769	0.53869188
235.2000	0.51881969
235.3231	0.50095165
235.4462	0.49838549
235.5692	0.49258119
235.6923	0.49057662
235.8154	0.49456400
235.9385	0.47693145
236.0615	0.45873898
236.1846	0.45800126
236.3077	0.45404249
236.4308	0.44827023
236.5538	0.44482425
236.6769	0.44809061
236.8000	0.43006623
236.9231	0.43635690
237.0462	0.42964029
237.1692	0.42422077
237.2923	0.41292089
237.4154	0.42562929
237.5385	0.42066896
237.6615	0.42225301
237.7846	0.42606956
237.9077	0.41997916
238.0308	0.41124770
238.1538	0.41681266
238.2769	0.42434001
238.4000	0.42257023
238.5231	0.43211603
238.6461	0.43926755
238.7692	0.43071866
238.8923	0.43298739
239.0154	0.43886420
239.1385	0.44388348
239.2615	0.44808114
239.3846	0.46780145
239.5077	0.46737206
239.6308	0.46488789
239.7538	0.47478613
239.8769	0.47935343
240.0000	0.48486263
240.1231	0.49385238
240.2462	0.51364738
240.3692	0.50657427
240.4923	0.52418482
240.6154	0.52915305
240.7385	0.53494525
240.8615	0.53151017
240.9846	0.55441958
241.1077	0.56035924
241.2308	0.57104987
241.3539	0.58594245
241.4769	0.59138662
241.6000	0.58418065
241.7231	0.59707892
241.8462	0.61113286
241.9692	0.62126541
242.0923	0.63039148
242.2154	0.65209013
242.3385	0.64037985
242.4615	0.64860469
242.5846	0.65516138
242.7077	0.67240167
242.8308	0.67037553
242.9538	0.69541740
243.0769	0.69782752
243.2000	0.69558525
243.3231	0.70399392
243.4462	0.71526444
243.5692	0.71553624
243.6923	0.71915215
243.8154	0.74014628
243.9385	0.74028701
244.0615	0.74603015
244.1846	0.75635821
244.3077	0.75236636
244.4308	0.74563658
244.5538	0.75801176
244.6769	0.77939141
244.8000	0.77609855
244.9231	0.78440267
245.0462	0.78284085
245.1692	0.77277684
245.2923	0.77479637
245.4154	0.79335302
245.5385	0.80062056
245.6615	0.79130608
245.7846	0.80378389
245.9077	0.79703110
246.0308	0.79299688
246.1538	0.79548448
246.2769	0.80567640
246.4000	0.79742205
246.5231	0.79990888
246.6461	0.81496370
246.7692	0.80337483
246.8923	0.79875767
247.0154	0.79689085
247.1385	0.79846680
247.2615	0.78904229
247.3846	0.80495507
247.5077	0.81057167
247.6308	0.79430342
247.7538	0.78964144
247.8769	0.78573108
248.0000	0.78240532
248.1231	0.77861059
248.2462	0.79728001
248.3692	0.78710127
248.4923	0.77401757
248.6154	0.77220327
248.7385	0.76929820
248.8615	0.75912416
248.9846	0.76066071
249.1077	0.76848561
249.2308	0.75607991
249.3539	0.75038427
249.4769	0.75423592
249.6000	0.73717624
249.7231	0.72962302
249.8462	0.72826827
249.9692	0.73937827
250.0923	0.71821052
250.2154	0.72874415
250.3385	0.71400487
250.4615	0.70643085
250.5846	0.69056845
250.7077	0.70300865
250.8308	0.68943828
250.9538	0.68708140
251.0769	0.68990737
251.2000	0.68416548
251.3231	0.66077638
251.4462	0.65744531
251.5692	0.65460914
251.6923	0.65354443
251.8154	0.64959842
251.9385	0.65806836
252.0615	0.62883741
252.1846	0.62130916
252.3077	0.61657757
252.4308	0.62483597
252.5538	0.60616159
252.6769	0.60998821
252.8000	0.60151702
252.9231	0.59054291
253.0462	0.58760768
253.1692	0.58527923
253.2923	0.57008666
253.4154	0.55573219
253.5385	0.56782216
253.6615	0.56625760
253.7846	0.55455840
253.9077	0.54528481
254.0308	0.53305376
254.1538	0.52187002
254.2769	0.52255839
254.4000	0.53477615
254.5231	0.51872158
254.6461	0.50647223
254.7692	0.50193727
254.8923	0.49545205
255.0154	0.48535925
255.1385	0.48480302
255.2615	0.48696962
255.3846	0.47144359
255.5077	0.47157475
255.6308	0.46719542
255.7538	0.45519173
255.8769	0.44292101
256.0000	0.44658637
256.1231	0.44610545
256.2462	0.43317333
256.3692	0.43701357
256.4923	0.42761770
256.6154	0.41809082
256.7385	0.40665975
256.8615	0.41292602
256.9846	0.40283141
257.1077	0.40056106
257.2308	0.40380478
257.3539	0.39545703
257.4769	0.37944210
257.6000	0.37443179
257.7231	0.37788817
257.8462	0.37196189
257.9692	0.37099522
258.0923	0.37263983
258.2154	0.35797793
258.3385	0.35012531
258.4615	0.34863317
258.5846	0.35145479
258.7077	0.33892381
258.8308	0.34348255
258.9539	0.34241983
259.0769	0.33325359
259.2000	0.32650650
259.3231	0.32554033
259.4462	0.32281116
259.5692	0.31370798
259.6923	0.32347107
259.8154	0.31847593
259.9385	0.31205934
260.0615	0.30598256
260.1846	0.30869421
260.3077	0.29938203
260.4308	0.29631433
260.5538	0.30473840
260.6769	0.30362839
260.8000	0.29713523
260.9231	0.29381752
261.0461	0.29004180
261.1692	0.28379098
261.2923	0.28714871
261.4154	0.29988456
261.5385	0.29071897
261.6615	0.28495219
261.7846	0.28209877
261.9077	0.28652132
262.0308	0.28116593
262.1538	0.28662398
262.2769	0.28922397
262.4000	0.28215858
262.5231	0.28567544
262.6461	0.28950197
262.7692	0.28912860
262.8923	0.27688864
263.0154	0.28653565
263.1385	0.29182702
263.2615	0.29435721
263.3846	0.29531085
263.5077	0.29640308
263.6308	0.28966719
263.7538	0.28840676
263.8769	0.30287173
264.0000	0.30796608
264.1231	0.30476293
264.2462	0.30927372
264.3692	0.31150526
264.4923	0.31027716
264.6154	0.30906063
264.7385	0.32503980
264.8615	0.32467824
264.9846	0.32961786
265.1077	0.33478829
265.2308	0.33907896
265.3539	0.33387235
265.4769	0.33989555
265.6000	0.35579905
265.7231	0.35434812
265.8462	0.36062834
265.9692	0.36785191
266.0923	0.37615106
266.2154	0.37071344
266.3385	0.38005754
266.4615	0.38867423
266.5846	0.39098546
266.7077	0.40367725
266.8308	0.41709304
266.9539	0.41808176
267.0769	0.41015068
267.2000	0.42228353
267.3231	0.43637863
267.4462	0.44171989
267.5692	0.45524499
267.6923	0.46174061
267.8154	0.46282113
267.9385	0.46098214
268.0615	0.48147106
268.1846	0.48735702
268.3077	0.49045959
268.4308	0.50504941
268.5538	0.51710039
268.6769	0.51956570
268.8000	0.51691318
268.9231	0.53595424
269.0461	0.53551489
269.1692	0.54852444
269.2923	0.56136012
269.4154	0.57490897
269.5385	0.56742001
269.6615	0.57618380
269.7846	0.59093738
269.9077	0.59168601
270.0308	0.59658504
270.1538	0.61457175
270.2769	0.62581456
270.4000	0.62619263
270.5231	0.62960023
270.6461	0.63831472
270.7692	0.62947792
270.8923	0.64936978
271.0154	0.66740805
271.1385	0.67804068
271.2615	0.66059256
271.3846	0.66923642
271.5077	0.67510033
271.6308	0.67951107
271.7538	0.69245058
271.8769	0.70051402
272.0000	0.69786650
272.1231	0.69028449
272.2462	0.71097273
272.3692	0.71008295
272.4923	0.70219457
272.6154	0.70316678
272.7385	0.71657252
272.8615	0.71948826
272.9846	0.71905196
273.1077	0.72527993
273.2308	0.70981276
273.3539	0.70038128
273.4769	0.71349400
273.6000	0.72672600
273.7231	0.72096950
273.8462	0.70858026
273.9692	0.71398783
274.0923	0.69761384
274.2154	0.69809377
274.3385	0.70049638
274.4615	0.70661569
274.5846	0.68946481
274.7077	0.68894726
274.8308	0.69064063
274.9539	0.67288053
275.0769	0.66413236
275.2000	0.66396928
275.3231	0.66804969
275.4462	0.65144366
275.5692	0.65259337
275.6923	0.64476651
275.8154	0.62681025
275.9385	0.61661631
276.0615	0.61925697
276.1846	0.61478078
276.3077	0.59844041
276.4308	0.59844971
276.5538	0.59299916
276.6769	0.57258940
276.8000	0.56266773
276.9231	0.55857134
277.0461	0.55681682
277.1692	0.54122967
277.2923	0.54866719
277.4154	0.53309137
277.5385	0.51573354
277.6615	0.50183034
277.7846	0.50880086
277.9077	0.50402796
278.0308	0.49321637
278.1538	0.49324593
278.2769	0.48036641
278.4000	0.46798980
278.5231	0.46217048
278.6461	0.47021604
278.7692	0.46089277
278.8923	0.45196068
279.0154	0.45598516
279.1385	0.45256287
279.2615	0.44337431
279.3846	0.43862894
279.5077	0.44395635
279.6308	0.43986753
279.7538	0.43829247
279.8769	0.45110956
280.0000	0.44627538
280.1231	0.43942314
280.2462	0.43341890
280.3692	0.45070383
280.4923	0.44910690
280.6154	0.45731649
280.7385	0.46436042
280.8615	0.46525356
280.9846	0.45793766
281.1077	0.46384472
281.2308	0.48385727
281.3539	0.48558152
281.4769	0.49210957
281.6000	0.50143820
281.7231	0.50715703
281.8462	0.50473106
281.9692	0.51455426
282.0923	0.53373641
282.2154	0.53389424
282.3385	0.54205281
282.4615	0.55579317
282.5846	0.56532717
282.7077	0.56191558
282.8308	0.56875032
282.9539	0.58598894
283.0769	0.58539456
283.2000	0.59945160
283.3231	0.61151731
283.4462	0.62040341
283.5692	0.60606539
283.6923	0.61477160
283.8154	0.62902057
283.9385	0.63298035
284.0615	0.64121896
284.1846	0.64776003
284.3077	0.64912152
284.4308	0.63194084
284.5538	0.64369303
284.6769	0.65227991
284.8000	0.65215003
284.9231	0.64810073
285.0461	0.65445834
285.1692	0.65082926
285.2923	0.63586497
285.4154	0.63835633
285.5385	0.64154422
285.6615	0.63171011
285.7846	0.62914747
285.9077	0.62999618
286.0308	0.62756956
286.1538	0.60085046
286.2769	0.60446197
286.4000	0.59621429
286.5231	0.59385103
286.6461	0.57964784
286.7692	0.58696318
286.8923	0.57216316
287.0154	0.55301034
287.1385	0.54625225
287.2615	0.54447728
287.3846	0.53608453
287.5077	0.52740890
287.6308	0.53033507
287.7538	0.51939523
287.8769	0.49749497
288.0000	0.49446255
288.1231	0.49474880
288.2462	0.49391717
288.3692	0.48352528
288.4923	0.48855656
288.6154	0.47834742
288.7385	0.46568263
288.8615	0.46770024
288.9846	0.47452265
289.1077	0.47524476
289.2308	0.46486956
289.3539	0.47705278
289.4769	0.47585133
289.6000	0.47366241
289.7231	0.47330108
289.8462	0.48428157
289.9692	0.48799872
290.0923	0.48869318
290.2154	0.50768435
290.3385	0.51117206
290.4615	0.50728065
290.5846	0.50572115
290.7077	0.52654153
290.8308	0.53912759
290.9539	0.54411179
291.0769	0.55653226
291.2000	0.55939949
291.3231	0.55647463
291.4462	0.56281179
291.5692	0.58597898
291.6923	0.59776753
291.8154	0.59083641
291.9385	0.60336739
292.0615	0.60580289
292.1846	0.61235970
292.3077	0.60535204
292.4308	0.62698019
292.5538	0.62292904
292.6769	0.62413341
292.8000	0.62703019
292.9231	0.63631499
293.0461	0.62408668
293.1692	0.61346155
293.2923	0.62236202
293.4154	0.62578106
293.5385	0.61850363
293.6615	0.61688697
293.7846	0.61174864
293.9077	0.59883511
294.0308	0.58065784
294.1538	0.59217769
294.2769	0.58738410
294.4000	0.57844698
294.5231	0.56422287
294.6461	0.56279629
294.7692	0.54768008
294.8923	0.53157544
295.0154	0.53654253
295.1385	0.53299141
295.2615	0.52455342
295.3846	0.50941610
295.5077	0.51161766
295.6308	0.49945158
295.7538	0.48803541
295.8769	0.49211854
296.0000	0.49593213
296.1231	0.49137449
296.2462	0.47975263
296.3692	0.48734048
296.4923	0.48454642
296.6154	0.47942844
296.7385	0.48485661
296.8615	0.49632609
296.9846	0.50008982
297.1077	0.49503028
297.2308	0.50703108
297.3539	0.51138055
297.4769	0.50899357
297.6000	0.51852190
297.7231	0.53670323
297.8462	0.55159956
297.9692	0.54222059
298.0923	0.55526626
298.2154	0.55693841
298.3385	0.56682914
298.4615	0.57172281
298.5846	0.59691143
298.7077	0.60059905
298.8308	0.59080201
298.9539	0.59416741
299.0769	0.60625249
299.2000	0.61190796
299.3231	0.60945243
299.4462	0.61814559
299.5692	0.62133336
299.6923	0.60903370
299.8154	0.61166382
299.9385	0.61261815
300.0615	0.60954928
300.1846	0.59226096
300.3077	0.60056609
300.4308	0.60434157
300.5538	0.58995616
300.6769	0.57536840
300.8000	0.56585878
300.9231	0.56525129
301.0461	0.54958397
301.1692	0.55749977
301.2923	0.55080265
301.4154	0.53587347
301.5385	0.51358324
301.6615	0.51514822
301.7846	0.51835895
301.9077	0.50766569
302.0308	0.50404769
302.1538	0.50389284
302.2769	0.49784812
302.4000	0.48663306
302.5231	0.48788291
302.6461	0.49911126
302.7692	0.49283034
302.8923	0.49671260
303.0154	0.50236243
303.1385	0.50986302
303.2615	0.50144219
303.3846	0.50654972
303.5077	0.52576059
303.6308	0.52930826
303.7538	0.53656042
303.8769	0.54159242
304.0000	0.56026292
304.1231	0.55123681
304.2462	0.55880105
304.3692	0.57227093
304.4923	0.58757943
304.6154	0.58819574
304.7385	0.59392995
304.8615	0.60303736
304.9846	0.59588575
305.1077	0.59173661
305.2308	0.60710680
305.3539	0.61695445
305.4769	0.61339718
305.6000	0.59838665
305.7231	0.60595363
305.8462	0.59412134
305.9692	0.59031510
306.0923	0.58707815
306.2154	0.59366024
306.3385	0.57956481
306.4615	0.56270266
306.5846	0.56366646
306.7077	0.55387932
306.8308	0.54304028
306.9539	0.53088468
307.0769	0.53921998
307.2000	0.52992260
307.3231	0.51473337
307.4462	0.50957960
307.5692	0.50761282
307.6923	0.50189674
307.8154	0.49386311
307.9385	0.50467205
308.0615	0.50815058
308.1846	0.49822828
308.3077	0.49645093
308.4308	0.50096852
308.5538	0.51009464
308.6769	0.50722331
308.8000	0.52527058
308.9231	0.53607023
309.0461	0.53354388
309.1692	0.52940118
309.2923	0.54081511
309.4154	0.56408679
309.5385	0.56355023
309.6615	0.57544571
309.7846	0.57968360
309.9077	0.58621806
310.0308	0.57901126
310.1538	0.59170759
310.2769	0.60544455
310.4000	0.60111219
310.5231	0.59677649
310.6461	0.60262829
310.7692	0.60810816
310.8923	0.59488505
311.0154	0.58383048
311.1385	0.59105587
311.2615	0.58512747
311.3846	0.58166641
311.5077	0.57148123
311.6308	0.57205021
311.7538	0.54792744
311.8769	0.53575134
312.0000	0.54019082
312.1231	0.54337102
312.2462	0.53287995
312.3692	0.51308465
312.4923	0.51510972
312.6154	0.50557441
312.7385	0.50247395
312.8615	0.50321108
312.9846	0.51286834
313.1077	0.50802976
313.2308	0.49749282
313.3539	0.50589430
313.4769	0.51446611
313.6000	0.51559007
313.7231	0.51803100
313.8462	0.53205705
313.9692	0.54684520
314.0923	0.53959864
314.2154	0.54883856
314.3385	0.55665958
314.4615	0.56937885
314.5846	0.56823272
314.7077	0.58377016
314.8308	0.59748304
314.9539	0.58923316
315.0769	0.58589202
315.2000	0.58870971
315.3231	0.60493338
315.4462	0.59464335
315.5692	0.59679174
315.6923	0.59734368
315.8154	0.59217000
315.9385	0.57461077
316.0615	0.56897974
316.1846	0.57449579
316.3077	0.56714880
316.4308	0.55435926
316.5538	0.55214620
316.6769	0.54156709
316.8000	0.52869940
316.9231	0.51167047
317.0461	0.52732480
317.1692	0.52232248
317.2923	0.51559389
317.4154	0.50033385
317.5385	0.50718057
317.6615	0.50741094
317.7846	0.50333768
317.9077	0.51216316
318.0308	0.51880342
318.1538	0.52281690
318.2769	0.51932186
318.4000	0.53386647
318.5231	0.54390955
318.6461	0.54042292
318.7692	0.54712033
318.8923	0.56637812
319.0154	0.58431697
319.1385	0.57618022
319.2615	0.57188159
319.3846	0.58267319
319.5077	0.58775717
319.6308	0.59675431
319.7538	0.59700602
319.8769	0.60651779
320.0000	0.58390409
320.1231	0.57758820
320.2462	0.58015281
320.3692	0.58933097
320.4923	0.57611126
320.6154	0.56002373
320.7385	0.56105781
320.8615	0.55273438
320.9846	0.53960007
321.1077	0.52865285
321.2308	0.53096533
321.3539	0.52809489
321.4769	0.51430452
321.6000	0.51623130
321.7231	0.51310527
321.8462	0.50868207
321.9692	0.49905586
322.0923	0.51111883
322.2154	0.52511585
322.3385	0.52085906
322.4615	0.52126932
322.5846	0.52623796
322.7077	0.54054427
322.8308	0.53801960
322.9539	0.54870665
323.0769	0.56877118
323.2000	0.57502389
323.3231	0.57280463
323.4462	0.56753713
323.5692	0.58689147
323.6923	0.58608192
323.8154	0.59204531
323.9385	0.59376287
324.0615	0.59978497
324.1846	0.58480489
324.3077	0.57278168
324.4308	0.57836843
324.5538	0.58233416
324.6769	0.56864101
324.8000	0.55796826
324.9231	0.55239034
325.0461	0.55289495
325.1692	0.52803165
325.2923	0.52840239
325.4154	0.52250284
325.5385	0.52907175
325.6615	0.51161873
325.7846	0.51467574
325.9077	0.51456213
326.0308	0.50981915
326.1538	0.50575393
326.2769	0.51558685
326.4000	0.53376395
326.5231	0.53257555
326.6461	0.52862203
326.7692	0.53893793
326.8923	0.54885042
327.0154	0.55610776
327.1385	0.55860037
327.2615	0.58020025
327.3846	0.58573055
327.5077	0.57825851
327.6308	0.57625103
327.7538	0.58415425
327.8769	0.59634733
328.0000	0.58484203
328.1231	0.59121561
328.2462	0.58482111
328.3692	0.57822049
328.4923	0.55890244
328.6154	0.56097233
328.7385	0.56580007
328.8615	0.55211866
328.9846	0.53804123
329.1077	0.53185612
329.2308	0.53399551
329.3539	0.52105898
329.4769	0.50959182
329.6000	0.51621604
329.7231	0.51865745
329.8462	0.51883835
329.9692	0.51198798
330.0923	0.52138746
330.2154	0.52264410
330.3385	0.52053422
330.4615	0.53478128
330.5846	0.55165607
330.7077	0.56462598
330.8308	0.54937875
330.9539	0.55710626
331.0769	0.56948036
331.2000	0.58314407
331.3231	0.58358669
331.4462	0.58685583
331.5692	0.59423900
331.6923	0.58137679
331.8154	0.57601196
331.9385	0.57853633
332.0615	0.58622038
332.1846	0.57453805
332.3077	0.55798125
332.4308	0.55889004
332.5538	0.55268890
332.6769	0.54051620
332.8000	0.52641571
332.9231	0.52888393
333.0461	0.53204024
333.1692	0.51769567
333.2923	0.51724249
333.4154	0.51279193
333.5385	0.51984340
333.6615	0.50792629
333.7846	0.52159303
333.9077	0.53588820
334.0308	0.54288870
334.1538	0.53519654
334.2769	0.53684026
334.4000	0.55665398
334.5231	0.56629407
334.6461	0.56945300
334.7692	0.57784569
334.8923	0.58485937
335.0154	0.58469212
335.1385	0.57193625
335.2615	0.58338815
335.3846	0.58855104
335.5077	0.58577609
335.6308	0.57266831
335.7538	0.56835902
335.8769	0.56825811
336.0000	0.54736549
336.1231	0.54295158
336.2462	0.53987390
336.3692	0.54668057
336.4923	0.52681476
336.6154	0.51599169
336.7385	0.51733804
336.8615	0.51969028
336.9846	0.51657015
337.1077	0.51385581
337.2308	0.52702713
337.3539	0.53367639
337.4769	0.52848452
337.6000	0.53386337
337.7231	0.54353505
337.8462	0.55954003
337.9692	0.55687940
338.0923	0.57065707
338.2154	0.58180547
338.3385	0.58107072
338.4615	0.57183611
338.5846	0.57124251
338.7077	0.59306490
338.8308	0.58957464
338.9539	0.58102769
339.0769	0.56656897
339.2000	0.56645793
339.3231	0.55801344
339.4462	0.54639328
339.5692	0.54965127
339.6923	0.54564190
339.8154	0.53498363
339.9385	0.51564914
340.0615	0.51751983
340.1846	0.52506769
340.3077	0.51964086
340.4308	0.51602924
340.5538	0.52036101
340.6769	0.53398097
340.8000	0.53309703
340.9231	0.52876931
341.0461	0.54429519
341.1692	0.55306196
341.2923	0.56744468
341.4154	0.56064856
341.5385	0.58189607
341.6615	0.57748908
341.7846	0.57713717
341.9077	0.56816071
342.0308	0.58639836
342.1538	0.59262919
342.2769	0.58130670
342.4000	0.56166172
342.5231	0.56048995
342.6461	0.55543625
342.7692	0.55345130
342.8923	0.53815871
343.0154	0.54709131
343.1385	0.52896106
343.2615	0.52309793
343.3846	0.50879824
343.5077	0.52500111
343.6308	0.52546692
343.7538	0.52114791
343.8769	0.52146900
344.0000	0.53330493
344.1231	0.54264116
344.2462	0.53774667
344.3692	0.54178441
344.4923	0.56340462
344.6154	0.57296717
344.7385	0.57620817
344.8615	0.56746322
344.9846	0.58175725
345.1077	0.57885963
345.2308	0.57815099
345.3539	0.57617283
345.4769	0.58240390
345.6000	0.57681549
345.7231	0.55588377
345.8462	0.54866827
345.9692	0.54916042
346.0923	0.54420823
346.2154	0.53443736
346.3385	0.52516472
346.4615	0.53518236
346.5846	0.51937294
346.7077	0.51473689
346.8308	0.50883293
346.9539	0.53422278
347.0769	0.53860587
347.2000	0.53546202
347.3231	0.53293639
347.4462	0.54562360
347.5692	0.55752599
347.6923	0.56246626
347.8154	0.56845933
347.9385	0.58311486
348.0615	0.57741261
348.1846	0.57675236
348.3077	0.57057637
348.4308	0.58620375
348.5538	0.57503712
348.6769	0.56551343
348.8000	0.56017387
348.9231	0.56272024
349.0461	0.55528635
349.1692	0.52895635
349.2923	0.52720034
349.4154	0.53018248
349.5385	0.53668690
349.6615	0.52263838
349.7846	0.51692134
349.9077	0.52176261
350.0308	0.52464861
350.1538	0.52733153
350.2769	0.53737128
350.4000	0.55179751
350.5231	0.55981213
350.6461	0.54793262
350.7692	0.56010795
350.8923	0.56833965
351.0154	0.58654082
351.1385	0.57517779
351.2615	0.58017480
351.3846	0.58077860
351.5077	0.57559454
351.6308	0.56279022
351.7538	0.55691540
351.8769	0.56652212
352.0000	0.55805069
352.1231	0.53956985
352.2462	0.52870840
352.3692	0.52956623
352.4923	0.53293663
352.6154	0.51785940
352.7385	0.51910329
352.8615	0.52620453
352.9846	0.53523833
353.1077	0.53145492
353.2308	0.52776772
353.3539	0.54410279
353.4769	0.55242133
353.6000	0.56320119
353.7231	0.56629276
353.8462	0.57716954
353.9692	0.57728541
354.0923	0.56456608
354.2154	0.57228911
354.3385	0.58105004
354.4615	0.59081584
354.5846	0.56492102
354.7077	0.55123091
354.8308	0.54900187
354.9539	0.55255747
355.0769	0.54298526
355.2000	0.52951241
355.3231	0.52964640
355.4462	0.53099024
355.5692	0.52058566
355.6923	0.51912600
355.8154	0.52015018
355.9385	0.53986216
356.0615	0.53453618
356.1846	0.54402095
356.3077	0.54808319
356.4308	0.56149608
356.5538	0.55989486
356.6769	0.56038111
356.8000	0.57814848
356.9231	0.58651072
357.0461	0.58271289
357.1692	0.56565523
357.2923	0.56632566
357.4154	0.57275677
357.5385	0.56337631
357.6615	0.55221611
357.7846	0.54486883
357.9077	0.54768741
358.0308	0.53648311
358.1538	0.51787060
358.2769	0.52048546
358.4000	0.52525657
358.5231	0.53811735
358.6461	0.52435488
358.7692	0.53042448
358.8923	0.53366238
359.0154	0.54425293
359.1385	0.54884779
359.2615	0.55948913
359.3846	0.57677501
359.5077	0.57452869
359.6308	0.56593412
359.7538	0.56633615
359.8769	0.57876903
360.0000	0.58665425
360.1231	0.56701094
360.2462	0.55981058
360.3692	0.55532110
360.4923	0.55748940
360.6154	0.54119349
360.7385	0.52739608
360.8615	0.53186709
360.9846	0.53211659
361.1077	0.53124696
361.2308	0.51910698
361.3539	0.52449960
361.4769	0.53195530
361.6000	0.53333306
361.7231	0.54393393
361.8462	0.55254221
361.9692	0.57094878
362.0923	0.55929881
362.2154	0.55859149
362.3385	0.56612968
362.4615	0.58681363
362.5846	0.58660430
362.7077	0.57054424
362.8308	0.56085515
362.9539	0.56384355
363.0769	0.55647784
363.2000	0.55131441
363.3231	0.53630614
363.4462	0.54750574
363.5692	0.52910066
363.6923	0.52707052
363.8154	0.51283568
363.9385	0.53121161
364.0615	0.53285402
364.1846	0.53427899
364.3077	0.53377515
364.4308	0.54804814
364.5538	0.55725586
364.6769	0.55828267
364.8000	0.55458844
364.9231	0.57522881
365.0461	0.58090532
365.1692	0.58471435
365.2923	0.56305504
365.4154	0.56777835
365.5385	0.56605172
365.6615	0.56280375
365.7846	0.55160493
365.9077	0.54499304
366.0308	0.54737395
366.1538	0.53162098
366.2769	0.52007443
366.4000	0.51905292
366.5231	0.53178775
366.6461	0.54051572
366.7692	0.52879494
366.8923	0.53229159
367.0154	0.53936082
367.1385	0.55595791
367.2615	0.55752093
367.3846	0.56192213
367.5077	0.57601756
367.6308	0.57857609
367.7538	0.57297093
367.8769	0.56223863
368.0000	0.56837809
368.1231	0.57660049
368.2462	0.56248152
368.3692	0.55171084
368.4923	0.53756070
368.6154	0.54538363
368.7385	0.53165740
368.8615	0.52515507
368.9846	0.52331740
369.1077	0.53274488
369.2308	0.53723639
369.3539	0.52732712
369.4769	0.53178519
369.6000	0.54444051
369.7231	0.55815637
369.8462	0.56218147
369.9692	0.56202358
370.0923	0.57575488
370.2154	0.57585311
370.3385	0.56926119
370.4615	0.56280732
370.5846	0.56830561
370.7077	0.58020484
370.8308	0.55890477
370.9539	0.54538107
371.0769	0.52794021
371.2000	0.54166460
371.3231	0.53555918
371.4462	0.53096914
371.5692	0.52438194
371.6923	0.52941275
371.8154	0.53249645
371.9385	0.53172445
372.0615	0.53682405
372.1846	0.55699563
372.3077	0.56247789
372.4308	0.56703860
372.5538	0.55680311
372.6769	0.57407939
372.8000	0.57636905
372.9231	0.57496035
373.0461	0.56386250
373.1692	0.56285226
373.2923	0.56917655
373.4154	0.55209136
373.5385	0.53756750
373.6615	0.52685302
373.7846	0.53686160
373.9077	0.53920650
374.0308	0.52792978
374.1538	0.52420545
374.2769	0.52703744
374.4000	0.53864306
374.5231	0.54175317
374.6461	0.54632843
374.7692	0.56440437
374.8923	0.56888151
375.0154	0.56977618
375.1385	0.55695260
375.2615	0.56914902
375.3846	0.58124173
375.5077	0.57781881
375.6308	0.56311184
375.7538	0.54564047
375.8769	0.55194539
376.0000	0.54443610
376.1231	0.53776044
376.2462	0.52768904
376.3692	0.53042209
376.4923	0.53542322
376.6154	0.52696055
376.7385	0.52676386
376.8615	0.53473783
376.9846	0.55051827
377.1077	0.55860656
377.2308	0.55444026
377.3539	0.56585324
377.4769	0.57028669
377.6000	0.57485652
377.7231	0.56496251
377.8462	0.56522948
377.9692	0.57651120
378.0923	0.56747085
378.2154	0.55396771
378.3385	0.52989995
378.4615	0.53833556
378.5846	0.54057932
378.7077	0.53817403
378.8308	0.52533960
378.9539	0.52365762
379.0769	0.53396022
379.2000	0.53871936
379.3231	0.53730536
379.4462	0.54873186
379.5692	0.56025219
379.6923	0.57670349
379.8154	0.56144410
379.9385	0.56355846
380.0615	0.56543612
380.1846	0.57988662
380.3077	0.57409233
380.4308	0.55744123
380.5538	0.55253166
380.6769	0.54535913
380.8000	0.54365563
380.9231	0.53019613
381.0461	0.52935690
381.1692	0.53500831
381.2923	0.53339440
381.4154	0.53002203
381.5385	0.52771473
381.6615	0.54263139
381.7846	0.55761087
381.9077	0.55686253
382.0308	0.56218237
382.1538	0.56374365
382.2769	0.58083940
382.4000	0.56985879
382.5231	0.56205374
382.6461	0.55957019
382.7692	0.56786573
382.8923	0.56865436
383.0154	0.54204762
383.1385	0.52813339
383.2615	0.52570838
383.3846	0.53931141
383.5077	0.53933674
383.6308	0.52805150
383.7538	0.52875865
383.8769	0.53562820
384.0000	0.54685456
384.1231	0.55125332
384.2462	0.55533624
384.3692	0.57307851
384.4923	0.57138711
384.6154	0.57196951
384.7385	0.55828452
384.8615	0.56842703
384.9846	0.57076478
385.1077	0.56178010
385.2308	0.54773766
385.3539	0.53636277
385.4769	0.54282373
385.6000	0.53503263
385.7231	0.52640021
385.8462	0.52310765
385.9692	0.53348202
386.0923	0.54817003
386.2154	0.54332572
386.3385	0.53989375
386.4615	0.54821712
386.5846	0.56450504
386.7077	0.57983947
386.8308	0.56819427
386.9539	0.57081038
387.0769	0.56359911
387.2000	0.56810760
387.3231	0.55551100
387.4462	0.54948264
387.5692	0.55132496
387.6923	0.54525721
387.8154	0.53520966
387.9385	0.51867956
388.0615	0.52369207
388.1846	0.53907669
388.3077	0.54403281
388.4308	0.54266739
388.5538	0.53760409
388.6769	0.55366170
388.8000	0.56668389
388.9231	0.56693590
389.0461	0.56727082
389.1692	0.56577909
389.2923	0.58046162
389.4154	0.56685460
389.5385	0.55437565
389.6615	0.54155755
389.7846	0.54684389
389.9077	0.55197048
390.0308	0.53588802
390.1538	0.52599633
390.2769	0.52176172
390.4000	0.53577507
390.5231	0.54136503
390.6461	0.53882825
390.7692	0.54594374
390.8923	0.55770099
391.0154	0.56931025
391.1385	0.56594336
391.2615	0.55734354
391.3846	0.56997651
391.5077	0.57213533
391.6308	0.57804918
391.7538	0.55134076
391.8769	0.54571027
392.0000	0.53832752
392.1231	0.54186851
392.2462	0.53697294
392.3692	0.53028065
392.4923	0.53294295
392.6154	0.53433287
392.7385	0.53377479
392.8615	0.53930563
392.9846	0.54830432
393.1077	0.57033616
393.2308	0.56817329
393.3539	0.56405658
393.4769	0.55887890
393.6000	0.56756663
393.7231	0.57794911
393.8462	0.56197554
393.9692	0.55234647
394.0923	0.53977692
394.2154	0.54810792
394.3385	0.54030126
394.4615	0.52700925
394.5846	0.52309704
394.7077	0.53174222
394.8308	0.54871202
394.9539	0.54634511
395.0769	0.53855515
395.2000	0.54604381
395.3231	0.56070757
395.4462	0.57989490
395.5692	0.57077247
395.6923	0.56585902
395.8154	0.56305051
395.9385	0.56314468
396.0615	0.56013286
396.1846	0.54307842
396.3077	0.54577041
396.4308	0.54141515
396.5538	0.53968883
396.6769	0.52518654
396.8000	0.51975989
396.9231	0.53645456
397.0461	0.54931223
397.1692	0.55674601
397.2923	0.54702866
397.4154	0.54981899
397.5385	0.56596524
397.6615	0.57428497
397.7846	0.57418966
397.9077	0.56212789
398.0308	0.56117570
398.1538	0.56320745
398.2769	0.54954779
398.4000	0.54261690
398.5231	0.52710497
398.6461	0.54140216
398.7692	0.53583437
398.8923	0.53653234
399.0154	0.52682054
399.1385	0.53525484
399.2615	0.54955471
399.3846	0.55891043
399.5077	0.55973834
399.6308	0.56536007
399.7538	0.56727636
399.8769	0.57515967
400.0000	0.55827206
400.1231	0.55967319
400.2462	0.55521846
400.3692	0.56215042
400.4923	0.54836327
400.6154	0.52706623
400.7385	0.52370143
400.8615	0.52953291
400.9846	0.54689711
401.1077	0.54173332
401.2308	0.53558648
401.3539	0.54086614
401.4769	0.55443323
401.6000	0.56985193
401.7231	0.56545144
401.8462	0.56407732
401.9692	0.56970358
402.0923	0.56992966
402.2154	0.56550670
402.3385	0.54304439
402.4615	0.54278332
402.5846	0.54436749
402.7077	0.54649067
402.8308	0.53604680
402.9539	0.51973832
403.0769	0.52991605
403.2000	0.53950816
403.3231	0.55498266
403.4462	0.55079949
403.5692	0.55201310
403.6923	0.56379884
403.8154	0.57052308
403.9385	0.57119989
404.0615	0.56014532
404.1846	0.55859935
404.3077	0.56559443
404.4308	0.55689496
404.5538	0.54555380
404.6769	0.52475113
404.8000	0.52944463
404.9231	0.53837311
405.0461	0.54113179
405.1692	0.54071033
405.2923	0.53127766
405.4154	0.54766673
405.5385	0.55346221
405.6615	0.56703800
405.7846	0.56573844
405.9077	0.56965208
406.0308	0.57068688
406.1538	0.56339169
406.2769	0.55225492
406.4000	0.55023944
406.5231	0.54772002
406.6461	0.55324602
406.7692	0.53100222
406.8923	0.52850097
407.0154	0.52226859
407.1385	0.54258478
407.2615	0.54826927
407.3846	0.54692620
407.5077	0.54850012
407.6308	0.55643982
407.7538	0.57297498
407.8769	0.57175660
408.0000	0.56009066
408.1231	0.55879521
408.2462	0.56106699
408.3692	0.56895864
408.4923	0.54820263
408.6154	0.52937675
408.7385	0.52432847
408.8615	0.53517634
408.9846	0.55044526
409.1077	0.53886086
409.2308	0.53252977
409.3539	0.53510737
409.4769	0.55435246
409.6000	0.57294887
409.7231	0.56516492
409.8462	0.56627697
409.9692	0.56004107
410.0923	0.57057923
410.2154	0.56086302
410.3385	0.54930043
410.4615	0.54176402
410.5846	0.54367566
410.7077	0.54378897
410.8308	0.53566557
410.9539	0.52061969
411.0769	0.53292161
411.2000	0.54112792
411.3231	0.56452030
411.4462	0.55264574
411.5692	0.55564559
411.6923	0.55673289
411.8154	0.57125390
411.9385	0.57453603
412.0615	0.56204146
412.1846	0.55380154
412.3077	0.55167115
412.4308	0.54948783
412.5538	0.54308045
412.6769	0.52505553
412.8000	0.52947581
412.9231	0.53648156
413.0461	0.54900366
413.1692	0.54667878
413.2923	0.53788328
413.4154	0.55049717
413.5385	0.56229043
413.6615	0.57987070
413.7846	0.57020557
413.9077	0.55945492
414.0308	0.55669802
414.1538	0.55441588
414.2769	0.55623001
414.4000	0.54054648
414.5231	0.53595382
414.6461	0.53515482
414.7692	0.53636605
414.8923	0.53666198
415.0154	0.53151971
415.1385	0.54266036
415.2615	0.56000966
415.3846	0.56751341
415.5077	0.56813192
415.6308	0.55159056
415.7538	0.56280005
415.8769	0.56583548
416.0000	0.57233661
416.1231	0.55411017
416.2462	0.53606200
416.3692	0.53476679
416.4923	0.53686309
416.6154	0.54205370
416.7385	0.53347039
416.8615	0.53092784
416.9846	0.54389977
417.1077	0.55534011
417.2308	0.56334728
417.3539	0.55603296
417.4769	0.55548787
417.6000	0.57072449
417.7231	0.57246387
417.8462	0.57266486
417.9692	0.54254413
418.0923	0.53944057
418.2154	0.53680390
418.3385	0.54786730
418.4615	0.54282117
418.5846	0.53045380
418.7077	0.52843881
418.8308	0.53887290
418.9539	0.55210239
419.0769	0.56290656
419.2000	0.55695778
419.3231	0.56679910
419.4462	0.56473947
419.5692	0.56907129
419.6923	0.55842823
419.8154	0.54953021
419.9385	0.55255473
420.0615	0.54674655
420.1846	0.54441166
420.3077	0.52719516
420.4308	0.52550930
420.5538	0.53656262
420.6769	0.54803145
420.8000	0.55733782
420.9231	0.54968393
421.0461	0.55329001
421.1692	0.56337690
421.2923	0.57060015
421.4154	0.57189202
421.5385	0.55597395
421.6615	0.55316257
421.7846	0.55143374
421.9077	0.54686409
422.0308	0.53981447
422.1538	0.52269363
422.2769	0.53401405
422.4000	0.54030168
422.5231	0.55439645
422.6461	0.54722220
422.7692	0.54231203
422.8923	0.55337363
423.0154	0.56965184
423.1385	0.58084923
423.2615	0.56942236
423.3846	0.54933161
423.5077	0.54731786
423.6308	0.54721856
423.7538	0.55452740
423.8769	0.54068077
424.0000	0.52877748
424.1231	0.53074408
424.2462	0.53502274
424.3692	0.55223411
424.4923	0.54532117
424.6154	0.55447555
424.7385	0.55840600
424.8615	0.57204205
424.9846	0.57106292
425.1077	0.55908448
425.2308	0.55052233
425.3539	0.55399632
425.4769	0.55384159
425.6000	0.55290657
425.7231	0.52774489
425.8462	0.52784997
425.9692	0.52763999
426.0923	0.54885620
426.2154	0.55335474
426.3385	0.54895425
426.4615	0.55148000
426.5846	0.55699390
426.7077	0.57235926
426.8308	0.57021445
426.9539	0.55913454
427.0769	0.55449551
427.2000	0.55019581
427.3231	0.55408692
427.4462	0.53952938
427.5692	0.52746391
427.6923	0.52844536
427.8154	0.53808612
427.9385	0.55620283
428.0615	0.54986048
428.1846	0.54482269
428.3077	0.54801315
428.4308	0.56257719
428.5538	0.58366913
428.6769	0.57010573
428.8000	0.55782932
428.9231	0.53876424
429.0461	0.54554302
429.1692	0.55136961
429.2923	0.54561168
429.4154	0.53350210
429.5385	0.52650887
429.6615	0.53422302
429.7846	0.55283833
429.9077	0.55230838
430.0308	0.55890876
430.1538	0.55276698
430.2769	0.56894308
430.4000	0.57141924
430.5231	0.56432891
430.6461	0.55291581
430.7692	0.54025728
430.8923	0.54897296
431.0154	0.54671872
431.1385	0.54142207
431.2615	0.52937037
431.3846	0.52608383
431.5077	0.54181880
431.6308	0.55687612
431.7538	0.56220776
431.8769	0.56190044
432.0000	0.55254090
432.1231	0.56619292
432.2462	0.56227994
432.3692	0.56737959
432.4923	0.55129468
432.6154	0.54388559
432.7385	0.54059201
432.8615	0.53544772
432.9846	0.53647745
433.1077	0.53338516
433.2308	0.53999764
433.3539	0.55257320
433.4769	0.55584109
433.6000	0.56081069
433.7231	0.55545127
433.8462	0.56115323
433.9692	0.56964988
434.0923	0.56548440
434.2154	0.56015599
434.3385	0.53721541
434.4615	0.53594613
434.5846	0.53539407
434.7077	0.54161572
434.8308	0.54422700
434.9539	0.53619587
435.0769	0.54259855
435.2000	0.54821217
435.3231	0.56214994
435.4462	0.56871474
435.5692	0.56379819
435.6923	0.56334269
435.8154	0.55796373
435.9385	0.55595088
436.0615	0.55063468
436.1846	0.53609025
436.3077	0.53819561
436.4308	0.53232032
436.5538	0.54423237
436.6769	0.54218817
436.8000	0.54250622
436.9231	0.54784971
437.0461	0.55405718
437.1692	0.57222313
437.2923	0.57186019
437.4154	0.56480241
437.5385	0.55178761
437.6615	0.54423875
437.7846	0.55050504
437.9077	0.55129868
438.0308	0.54262608
438.1538	0.53402942
438.2769	0.52160084
438.4000	0.54208189
438.5231	0.54838359
438.6461	0.56777996
438.7692	0.55724686
438.8923	0.55715257
439.0154	0.55846357
439.1385	0.56589460
439.2615	0.56584138
439.3846	0.55568868
439.5077	0.53876269
439.6308	0.54072016
439.7538	0.53550303
439.8769	0.54528224
440.0000	0.53356433
440.1231	0.53644478
440.2462	0.54499280
440.3692	0.55933291
440.4923	0.57175851
440.6154	0.56119651
440.7385	0.55504340
440.8615	0.55530852
440.9846	0.56120074
441.1077	0.56722319
441.2308	0.54550499
441.3539	0.53271717
441.4769	0.52295846
441.6000	0.53652799
441.7231	0.55125153
441.8462	0.55095410
441.9692	0.54663950
442.0923	0.54602349
442.2154	0.55582744
442.3385	0.57508600
442.4615	0.56650376
442.5846	0.56563753
442.7077	0.54437083
442.8308	0.55055672
442.9539	0.54453856
443.0769	0.54207873
443.2000	0.53385657
443.3231	0.53186178
443.4462	0.54070866
443.5692	0.55379480
443.6923	0.55287266
443.8154	0.55775779
443.9385	0.55150896
444.0615	0.56763440
444.1846	0.56998837
444.3077	0.56549060
444.4308	0.55170566
444.5538	0.53293997
444.6769	0.53911561
444.8000	0.53959805
444.9231	0.54732531
445.0461	0.54059273
445.1692	0.53523856
445.2923	0.54254806
445.4154	0.55481672
445.5385	0.56781584
445.6615	0.57196963
445.7846	0.55913949
445.9077	0.55919498
446.0308	0.54861891
446.1538	0.55448914
446.2769	0.54578549
446.4000	0.53847075
446.5231	0.53594446
446.6461	0.53243715
446.7692	0.54447877
446.8923	0.54696667
447.0154	0.55283570
447.1385	0.55778664
447.2615	0.56016934
447.3846	0.56997967
447.5077	0.56500566
447.6308	0.55657202
447.7538	0.54724306
447.8769	0.53818548
448.0000	0.54649651
448.1231	0.54242289
448.2462	0.54106486
448.3692	0.53418809
448.4923	0.53245026
448.6154	0.55290103
448.7385	0.56223100
448.8615	0.57517171
448.9846	0.56140351
449.1077	0.55270058
449.2308	0.55177236
449.3539	0.55615073
449.4769	0.55892175
449.6000	0.54731059
449.7231	0.52914184
449.8462	0.52982819
449.9692	0.53209180
450.0923	0.55452132
450.2154	0.55454636
450.3385	0.55560076
450.4615	0.55477989
450.5846	0.55711275
450.7077	0.57075465
450.8308	0.56283194
450.9539	0.55687022
451.0769	0.54227471
451.2000	0.53894192
451.3231	0.54257154
451.4462	0.54117906
451.5692	0.53709304
451.6923	0.53849334
451.8154	0.53994441
451.9385	0.56386650
452.0615	0.56324542
452.1846	0.57084537
452.3077	0.55348170
452.4308	0.55261391
452.5538	0.55551934
452.6769	0.55768770
452.8000	0.55326891
452.9231	0.53573209
453.0461	0.52386749
453.1692	0.53220642
453.2923	0.54382855
453.4154	0.56419677
453.5385	0.55855864
453.6615	0.55253059
453.7846	0.55126703
453.9077	0.55755532
454.0308	0.57427591
454.1538	0.56494653
454.2769	0.55039513
454.4000	0.53234541
454.5231	0.52731562
454.6461	0.54338527
454.7692	0.54557931
454.8923	0.55009818
455.0154	0.54066694
455.1385	0.54500288
455.2615	0.56005567
455.3846	0.56956947
455.5077	0.56987381
455.6308	0.55848980
455.7538	0.54514331
455.8769	0.55157578
456.0000	0.54415226
456.1231	0.54839659
456.2462	0.53109658
456.3692	0.53210104
456.4923	0.54050624
456.6154	0.55295634
456.7385	0.56482202
456.8615	0.55802637
456.9846	0.55509478
457.1077	0.55751091
457.2308	0.56176329
457.3539	0.56648660
457.4769	0.55188036
457.6000	0.53589296
457.7231	0.53118706
457.8462	0.52934813
457.9692	0.55082190
458.0923	0.54735917
458.2154	0.55615431
458.3385	0.54641944
458.4615	0.55308402
458.5846	0.56194383
458.7077	0.56971180
458.8308	0.56737763
458.9539	0.55591834
459.0769	0.53601819
459.2000	0.53693473
459.3231	0.53275502
459.4462	0.54900640
459.5692	0.54600418
459.6923	0.54466939
459.8154	0.54398853
459.9385	0.54731429
460.0615	0.56612730
460.1846	0.57128143
460.3077	0.56760561
460.4308	0.55575430
460.5538	0.53981113
460.6769	0.54462910
460.8000	0.54243565
460.9231	0.54593784
461.0461	0.53937513
461.1692	0.53383100
461.2923	0.54307580
461.4154	0.55380994
461.5385	0.56442881
461.6615	0.56816876
461.7846	0.55496228
461.9077	0.56038630
462.0308	0.55089724
462.1538	0.55850637
462.2769	0.54459393
462.4000	0.53604460
462.5231	0.53166139
462.6461	0.53615457
462.7692	0.54894918
462.8923	0.55703604
463.0154	0.55279547
463.1385	0.55682230
463.2615	0.55343795
463.3846	0.56725192
463.5077	0.56696850
463.6308	0.55651826
463.7538	0.54559559
463.8769	0.52717340
464.0000	0.53772676
464.1231	0.53978807
464.2462	0.55211431
464.3692	0.54907620
464.4923	0.54575390
464.6154	0.54861599
464.7385	0.56043267
464.8615	0.56737858
464.9846	0.57482588
465.1077	0.55251837
465.2308	0.54754847
465.3539	0.52990514
465.4769	0.53992027
465.6000	0.54436380
465.7231	0.54723400
465.8462	0.54648274
465.9692	0.54030979
466.0923	0.54608774
466.2154	0.56123251
466.3385	0.56828260
466.4615	0.57532209
466.5846	0.55517018
466.7077	0.54537076
466.8308	0.53670853
466.9539	0.54028493
467.0769	0.54939079
467.2000	0.54489028
467.3231	0.53935838
467.4462	0.53835863
467.5692	0.54238945
467.6923	0.56781387
467.8154	0.56717896
467.9385	0.57274842
468.0615	0.55112302
468.1846	0.54693514
468.3077	0.54484683
468.4308	0.54926765
468.5538	0.54573298
468.6769	0.54081780
468.8000	0.52839476
468.9231	0.54380578
469.0461	0.54683810
469.1692	0.57024044
469.2923	0.56257391
469.4154	0.56034136
469.5385	0.55375546
469.6615	0.55252016
469.7846	0.55762231
469.9077	0.55028677
470.0308	0.53899789
470.1538	0.53243333
470.2769	0.53015739
470.4000	0.54762071
470.5231	0.55708337
470.6461	0.56020814
470.7692	0.55912834
470.8923	0.54887992
471.0154	0.56153750
471.1385	0.56103039
471.2615	0.56362659
471.3846	0.54841030
471.5077	0.52993029
471.6308	0.52994007
471.7538	0.53586471
471.8769	0.55305898
472.0000	0.55929196
472.1231	0.55132359
472.2462	0.55104804
472.3692	0.55125093
472.4923	0.56464410
472.6154	0.57196623
472.7385	0.55779105
472.8615	0.54686105
472.9846	0.52629477
473.1077	0.53273129
473.2308	0.54208219
473.3539	0.55096442
473.4769	0.55729425
473.6000	0.54713064
473.7231	0.55015737
473.8462	0.55454808
473.9692	0.56460315
474.0923	0.57168227
474.2154	0.55941129
474.3385	0.54362154
474.4615	0.53222179
474.5846	0.52697355
474.7077	0.54697293
474.8308	0.54813397
474.9539	0.55888259
475.0769	0.54660916
475.2000	0.54666710
475.3231	0.55545306
475.4462	0.56573117
475.5692	0.57247823
475.6923	0.56080276
475.8154	0.53971964
475.9385	0.53290755
476.0615	0.52970076
476.1846	0.54588783
476.3077	0.55257463
476.4308	0.55012071
476.5538	0.55168438
476.6769	0.54368013
476.8000	0.56043661
476.9231	0.56409019
477.0461	0.56972903
477.1692	0.56011885
477.2923	0.54161757
477.4154	0.53288931
477.5385	0.53242373
477.6615	0.54057807
477.7846	0.55561322
477.9077	0.55036235
478.0308	0.55181444
478.1538	0.54593992
478.2769	0.55442125
478.4000	0.57001907
478.5231	0.56694841
478.6461	0.56235909
478.7692	0.53789872
478.8923	0.53017700
479.0154	0.53518176
479.1385	0.54403687
479.2615	0.55558479
479.3846	0.55000705
479.5077	0.54529399
479.6308	0.55106217
479.7538	0.55717289
479.8769	0.57207239
480.0000	0.56602806
480.1231	0.55198753
480.2462	0.54153812
480.3692	0.52866304
480.4923	0.54252350
480.6154	0.54251122
480.7385	0.55218226
480.8615	0.54883063
480.9846	0.54740262
481.1077	0.55398750
481.2308	0.56240588
481.3539	0.56581926
481.4769	0.56635785
481.6000	0.54595357
481.7231	0.54262608
481.8462	0.53240025
481.9692	0.54015738
482.0923	0.54699630
482.2154	0.54527646
482.3385	0.55264592
482.4615	0.54867023
482.5846	0.55844629
482.7077	0.56328738
482.8308	0.56234396
482.9539	0.55993026
483.0769	0.54919714
483.2000	0.53981185
483.3231	0.53930670
483.4462	0.53256756
483.5692	0.54678005
483.6923	0.54736304
483.8154	0.55654967
483.9385	0.55640256
484.0615	0.55219507
484.1846	0.56057286
484.3077	0.56029707
484.4308	0.56287265
484.5538	0.55250603
484.6769	0.53442085
484.8000	0.53166473
484.9231	0.53484589
485.0461	0.54922146
485.1692	0.55975652
485.2923	0.55146176
485.4154	0.55362248
485.5385	0.55059642
485.6615	0.56262785
485.7846	0.56837845
485.9077	0.55501443
486.0308	0.54708165
486.1538	0.52935988
486.2769	0.53557557
486.4000	0.54182148
486.5231	0.54940832
486.6461	0.55445343
486.7692	0.55561322
486.8923	0.55399930
487.0154	0.56246513
487.1385	0.55377418
487.2615	0.56366408
487.3846	0.54886448
487.5077	0.54841995
487.6308	0.53681481
487.7538	0.53179657
487.8769	0.53886366
488.0000	0.54837573
488.1231	0.55954355
488.2462	0.56515098
488.3692	0.55450916
488.4923	0.55608845
488.6154	0.55223233
488.7385	0.55672967
488.8615	0.55624425
488.9846	0.54061139
489.1077	0.53819895
489.2308	0.53088784
489.3539	0.54185945
489.4769	0.55400306
489.6000	0.55759799
489.7231	0.56578749
489.8462	0.55867815
489.9692	0.55692518
490.0923	0.55265212
490.2154	0.54591876
490.3385	0.54784232
490.4615	0.54516649
490.5846	0.54076755
490.7077	0.54229671
490.8308	0.53375059
490.9539	0.55277884
491.0769	0.55913103
491.2000	0.57279539
491.3231	0.56655592
491.4462	0.55000275
491.5692	0.54299265
491.6923	0.54106218
491.8154	0.54672247
491.9385	0.55124837
492.0615	0.54016709
492.1846	0.54016423
492.3077	0.54162174
492.4308	0.55254853
492.5538	0.56950569
492.6769	0.56286222
492.8000	0.56532395
492.9231	0.54824507
493.0461	0.54526293
493.1692	0.54081976
493.2923	0.53803509
493.4154	0.54237199
493.5385	0.54708737
493.6615	0.54923767
493.7846	0.55676782
493.9077	0.54940951
494.0308	0.55877954
494.1538	0.56015128
494.2769	0.56234932
494.4000	0.56055212
494.5231	0.53963464
494.6461	0.53459066
494.7692	0.52948505
494.8923	0.54158878
495.0154	0.55716217
495.1385	0.55894661
495.2615	0.55896527
495.3846	0.55269492
495.5077	0.55006379
495.6308	0.56006056
495.7538	0.55646962
495.8769	0.55636120
496.0000	0.54379028
496.1231	0.53033984
496.2462	0.53553081
496.3692	0.53652906
496.4923	0.55855030
496.6154	0.56437236
496.7385	0.56566179
496.8615	0.55952573
496.9846	0.54838550
497.1077	0.54668307
497.2308	0.55054820
497.3539	0.54684305
497.4769	0.55115944
497.6000	0.53751040
497.7231	0.53804523
497.8462	0.54153734
497.9692	0.54911315
498.0923	0.56920135
498.2154	0.56704521
498.3385	0.56776971
498.4615	0.55051577
498.5846	0.53759164
498.7077	0.53544688
498.8308	0.54082942
498.9539	0.54895335
499.0769	0.55796909
499.2000	0.54371583
499.3231	0.54782236
499.4462	0.54186678
499.5692	0.56113493
499.6923	0.57191539
499.8154	0.56789911
499.9385	0.55485570
500.0615	0.53168225
500.1846	0.52541560
500.3077	0.53695238
500.4308	0.54812860
500.5538	0.56393135
500.6769	0.55865341
500.8000	0.55161315
500.9231	0.55117857
501.0461	0.54866147
501.1692	0.56175220
501.2923	0.55990505
501.4154	0.55286396
501.5385	0.54428613
501.6615	0.52630699
501.7846	0.53399587
501.9077	0.54047996
502.0308	0.56105870
502.1538	0.57221740
502.2769	0.56716138
502.4000	0.55432808
502.5231	0.54491132
502.6461	0.53721970
502.7692	0.55355442
502.8923	0.54783905
503.0154	0.55412585
503.1385	0.53904957
503.2615	0.53528321
503.3846	0.54311025
503.5077	0.55434364
503.6308	0.57079315
503.7538	0.57306272
503.8769	0.55869544
504.0000	0.54693520
