# TMM+ASM Intensity at z=40, theta=30.0 deg
# Wavelength: 520 nm, CG: 550um n=1.52
# AR: SiO2(34.6)/TiO2(25.9)/SiO2(20.7)/TiO2(169.5) nm
# Columns: x_um	intensity
# N_points: 4096
0.0000	0.62799156
0.1231	0.61261958
0.2462	0.60016930
0.3692	0.59529716
0.4923	0.57731223
0.6154	0.59603655
0.7385	0.59572744
0.8615	0.59998429
0.9846	0.61943996
1.1077	0.62239760
1.2308	0.61858141
1.3538	0.60195971
1.4769	0.57557988
1.6000	0.56990820
1.7231	0.59652817
1.8462	0.60311216
1.9692	0.62245417
2.0923	0.62349939
2.2154	0.61228162
2.3385	0.61507285
2.4615	0.58878994
2.5846	0.56826973
2.7077	0.57742190
2.8308	0.58997267
2.9538	0.62038952
3.0769	0.63656378
3.2000	0.62466854
3.3231	0.61055821
3.4462	0.59504378
3.5692	0.56835693
3.6923	0.57249057
3.8154	0.58867121
3.9385	0.60125881
4.0615	0.63883561
4.1846	0.62648737
4.3077	0.62482560
4.4308	0.60546577
4.5538	0.57524717
4.6769	0.56161648
4.8000	0.57410383
4.9231	0.59968460
5.0462	0.63023925
5.1692	0.64374202
5.2923	0.61292970
5.4154	0.61397529
5.5385	0.58759689
5.6615	0.57239723
5.7846	0.57186973
5.9077	0.57532740
6.0308	0.61404610
6.1538	0.64454627
6.2769	0.63653654
6.4000	0.61198336
6.5231	0.59219337
6.6462	0.57202733
6.7692	0.58018535
6.8923	0.58484864
7.0154	0.58986282
7.1385	0.62578702
7.2615	0.63065308
7.3846	0.62670469
7.5077	0.61160296
7.6308	0.57907563
7.7538	0.57595730
7.8769	0.58378309
8.0000	0.59061313
8.1231	0.61139488
8.2462	0.62278748
8.3692	0.61500329
8.4923	0.61564374
8.6154	0.60343885
8.7385	0.58650577
8.8615	0.59354371
8.9846	0.58245188
9.1077	0.59195226
9.2308	0.61390519
9.3538	0.60808998
9.4769	0.61850274
9.6000	0.60574853
9.7231	0.60152674
9.8462	0.60086185
9.9692	0.60393971
10.0923	0.58414817
10.2154	0.59154958
10.3385	0.59259576
10.4615	0.59878874
10.5846	0.62807220
10.7077	0.60851198
10.8308	0.61628830
10.9538	0.60394537
11.0769	0.59670079
11.2000	0.58594131
11.3231	0.58519679
11.4462	0.57614040
11.5692	0.60324687
11.6923	0.62638438
11.8154	0.62770784
11.9385	0.63200998
12.0615	0.59840590
12.1846	0.58052361
12.3077	0.57877141
12.4308	0.57379621
12.5538	0.58678430
12.6769	0.61316538
12.8000	0.62139761
12.9231	0.64446998
13.0462	0.62794381
13.1692	0.59639049
13.2923	0.56992626
13.4154	0.56695646
13.5385	0.56940848
13.6615	0.60959554
13.7846	0.61809313
13.9077	0.62751329
14.0308	0.63879484
14.1538	0.60984480
14.2769	0.59794945
14.4000	0.57128674
14.5231	0.56586075
14.6462	0.58091265
14.7692	0.61310494
14.8923	0.61707342
15.0154	0.63263440
15.1385	0.62080431
15.2615	0.60038573
15.3846	0.59885770
15.5077	0.58025205
15.6308	0.58178371
15.7538	0.59766567
15.8769	0.59371364
16.0000	0.61039180
16.1231	0.61762673
16.2462	0.61582088
16.3692	0.61009061
16.4923	0.60293394
16.6154	0.58953345
16.7385	0.60042405
16.8615	0.59823465
16.9846	0.57705480
17.1077	0.59519887
17.2308	0.59489805
17.3538	0.62738252
17.4769	0.63001639
17.6000	0.61349791
17.7231	0.59853125
17.8462	0.60029531
17.9692	0.58075249
18.0923	0.57514578
18.2154	0.57858276
18.3385	0.59205222
18.4615	0.63677865
18.5846	0.64265108
18.7077	0.62347293
18.8308	0.60840720
18.9538	0.58252823
19.0769	0.56754196
19.2000	0.57658964
19.3231	0.57503426
19.4462	0.61039513
19.5692	0.63124788
19.6923	0.63755161
19.8154	0.62359887
19.9385	0.61303639
20.0615	0.57452673
20.1846	0.57464671
20.3077	0.57469577
20.4308	0.58443302
20.5538	0.62167305
20.6769	0.61488098
20.8000	0.62211740
20.9231	0.61516392
21.0462	0.61087257
21.1692	0.59452558
21.2923	0.59500420
21.4154	0.57760417
21.5385	0.58891672
21.6615	0.60471487
21.7846	0.59577250
21.9077	0.61208552
22.0308	0.60853046
22.1538	0.61361182
22.2769	0.62588310
22.4000	0.61187994
22.5231	0.58988357
22.6462	0.57940257
22.7692	0.57149494
22.8923	0.58201891
23.0154	0.61002803
23.1385	0.61246610
23.2615	0.62710106
23.3846	0.63836598
23.5077	0.61687601
23.6308	0.60080200
23.7538	0.56946456
23.8769	0.55252695
24.0000	0.58100665
24.1231	0.60391128
24.2462	0.62286383
24.3692	0.63499355
24.4923	0.62840706
24.6154	0.61370063
24.7385	0.60387111
24.8615	0.57548440
24.9846	0.56596959
25.1077	0.58875066
25.2308	0.58845347
25.3538	0.62041974
25.4769	0.61941510
25.6000	0.61554432
25.7231	0.61370933
25.8462	0.60775745
25.9692	0.59841454
26.0923	0.59891212
26.2154	0.59269696
26.3385	0.57430524
26.4615	0.59453982
26.5846	0.58963621
26.7077	0.60972118
26.8308	0.62364501
26.9538	0.61894733
27.0769	0.62559348
27.2000	0.61805856
27.3231	0.59001637
27.4462	0.57163358
27.5692	0.56643611
27.6923	0.57045972
27.8154	0.60599810
27.9385	0.63095272
28.0615	0.63105506
28.1846	0.63969415
28.3077	0.61086696
28.4308	0.59079516
28.5538	0.58319855
28.6769	0.56492305
28.8000	0.57378238
28.9231	0.59624094
29.0462	0.61582243
29.1692	0.62999737
29.2923	0.62984854
29.4154	0.60172039
29.5385	0.60344976
29.6615	0.60656315
29.7846	0.59006023
29.9077	0.59086812
30.0308	0.57881427
30.1538	0.58349961
30.2769	0.60836077
30.4000	0.60508579
30.5231	0.61156768
30.6462	0.62330079
30.7692	0.62949091
30.8923	0.61628222
31.0154	0.60349160
31.1385	0.56573749
31.2615	0.56326592
31.3846	0.58117706
31.5077	0.58572245
31.6308	0.62581921
31.7538	0.63255686
31.8769	0.63672459
32.0000	0.62488335
32.1231	0.60415113
32.2462	0.57527548
32.3692	0.57484329
32.4923	0.57333070
32.6154	0.57996202
32.7385	0.61564833
32.8615	0.61462021
32.9846	0.62422073
33.1077	0.61986995
33.2308	0.60453141
33.3538	0.60809547
33.4769	0.60812098
33.6000	0.59022343
33.7231	0.58324254
33.8462	0.58062303
33.9692	0.57851791
34.0923	0.60209519
34.2154	0.61285305
34.3385	0.61403567
34.4615	0.63671291
34.5846	0.63205123
34.7077	0.61355501
34.8308	0.59333301
34.9538	0.55467570
35.0769	0.56023550
35.2000	0.58566618
35.3231	0.60594624
35.4462	0.61846614
35.5692	0.63230908
35.6923	0.62700707
35.8154	0.62486404
35.9385	0.61074972
36.0615	0.56873047
36.1846	0.58293915
36.3077	0.58294356
36.4308	0.59372383
36.5538	0.59862304
36.6769	0.59776890
36.8000	0.60451138
36.9231	0.62254649
37.0462	0.62598324
37.1692	0.61357790
37.2923	0.62586689
37.4154	0.59249318
37.5385	0.58096838
37.6615	0.56963235
37.7846	0.56609333
37.9077	0.58990639
38.0308	0.61106300
38.1538	0.62167782
38.2769	0.64198893
38.4000	0.64396912
38.5231	0.60894907
38.6462	0.58662277
38.7692	0.56991822
38.8923	0.56956869
39.0154	0.59310067
39.1385	0.59241152
39.2615	0.59479600
39.3846	0.62192476
39.5077	0.61902112
39.6308	0.62243497
39.7538	0.61498427
39.8769	0.60668534
40.0000	0.60454839
40.1231	0.60267270
40.2462	0.57669920
40.3692	0.56894165
40.4923	0.58109313
40.6154	0.57923502
40.7385	0.62018514
40.8615	0.63446140
40.9846	0.64010644
41.1077	0.63355720
41.2308	0.60581052
41.3538	0.58318490
41.4769	0.57845968
41.6000	0.57157493
41.7231	0.56461090
41.8462	0.59874254
41.9692	0.61339706
42.0923	0.62749714
42.2154	0.62697697
42.3385	0.60202563
42.4615	0.61454904
42.5846	0.62160820
42.7077	0.60325253
42.8308	0.58547294
42.9538	0.57796645
43.0769	0.57335925
43.2000	0.58312690
43.3231	0.59463775
43.4462	0.59517014
43.5692	0.63863182
43.6923	0.64468700
43.8154	0.63182521
43.9385	0.61616653
44.0615	0.58616102
44.1846	0.56979758
44.3077	0.56958443
44.4308	0.57282317
44.5538	0.58884889
44.6769	0.62014508
44.8000	0.61419272
44.9231	0.61536264
45.0462	0.62450802
45.1692	0.61743271
45.2923	0.61572117
45.4154	0.60762888
45.5385	0.58162230
45.6615	0.59169334
45.7846	0.57899934
45.9077	0.57005012
46.0308	0.57450217
46.1538	0.60513252
46.2769	0.62580162
46.4000	0.65216732
46.5231	0.63941723
46.6462	0.60517865
46.7692	0.60895252
46.8923	0.57568389
47.0154	0.57590652
47.1385	0.56951606
47.2615	0.58144838
47.3846	0.59324461
47.5077	0.62235916
47.6308	0.61374551
47.7538	0.61225945
47.8769	0.62365347
48.0000	0.61443508
48.1231	0.62790972
48.2462	0.61207950
48.3692	0.58142555
48.4923	0.56959367
48.6154	0.56921941
48.7385	0.56895709
48.8615	0.59536862
48.9846	0.61133629
49.1077	0.62828147
49.2308	0.64630294
49.3538	0.63804412
49.4769	0.60443342
49.6000	0.59942365
49.7231	0.57797074
49.8462	0.57581824
49.9692	0.58889896
50.0923	0.58119416
50.2154	0.59228170
50.3385	0.59805548
50.4615	0.60340095
50.5846	0.61413199
50.7077	0.64128470
50.8308	0.63022906
50.9538	0.62301451
51.0769	0.61113083
51.2000	0.57653874
51.3231	0.57637298
51.4462	0.56072003
51.5692	0.56361872
51.6923	0.59321231
51.8154	0.62336791
51.9385	0.63024604
52.0615	0.63052857
52.1846	0.62131703
52.3077	0.60482091
52.4308	0.62178087
52.5538	0.60034007
52.6769	0.58538836
52.8000	0.58406031
52.9231	0.57264048
53.0462	0.57674110
53.1692	0.58637583
53.2923	0.59222710
53.4154	0.61345291
53.5385	0.64693278
53.6615	0.64437222
53.7846	0.63122416
53.9077	0.61227435
54.0308	0.57479072
54.1538	0.57658327
54.2769	0.57902169
54.4000	0.57329220
54.5231	0.58826995
54.6462	0.59596926
54.7692	0.60373867
54.8923	0.61803508
55.0154	0.62382579
55.1385	0.61657667
55.2615	0.63378501
55.3846	0.62941456
55.5077	0.60318464
55.6308	0.59189755
55.7538	0.55990857
55.8769	0.55565065
56.0000	0.57640857
56.1231	0.58914131
56.2462	0.61354971
56.3692	0.63027954
56.4923	0.63226753
56.6154	0.61951894
56.7385	0.63048649
56.8615	0.60366654
56.9846	0.60205954
57.1077	0.59802192
57.2308	0.57773620
57.3538	0.58297694
57.4769	0.57260877
57.6000	0.57024848
57.7231	0.58225822
57.8462	0.62060523
57.9692	0.63003415
58.0923	0.65205657
58.2154	0.63730454
58.3385	0.60916722
58.4615	0.60430950
58.5846	0.58780372
58.7077	0.57184386
58.8308	0.57867533
58.9538	0.57662690
59.0769	0.58378857
59.2000	0.60043919
59.3231	0.60087383
59.4462	0.60232455
59.5692	0.62703794
59.6923	0.63896048
59.8154	0.63906258
59.9385	0.63742411
60.0615	0.58936381
60.1846	0.57394880
60.3077	0.57066357
60.4308	0.56667209
60.5538	0.57451940
60.6769	0.58896768
60.8000	0.60149235
60.9231	0.62008703
61.0462	0.63417614
61.1692	0.61089730
61.2923	0.62027740
61.4154	0.63321024
61.5385	0.61845720
61.6615	0.61533040
61.7846	0.57886958
61.9077	0.56349468
62.0308	0.56062692
62.1538	0.57440096
62.2769	0.57523841
62.4000	0.61204880
62.5231	0.63073701
62.6462	0.62748528
62.7692	0.63899219
62.8923	0.61674082
63.0154	0.61621124
63.1385	0.61133277
63.2615	0.59923822
63.3846	0.58109659
63.5077	0.58945584
63.6308	0.56783307
63.7538	0.56152856
63.8769	0.57327694
64.0000	0.59775126
64.1231	0.62592793
64.2462	0.65349704
64.3692	0.62707496
64.4923	0.62742460
64.6154	0.62549019
64.7385	0.60266167
64.8615	0.59016418
64.9846	0.57756144
65.1077	0.57957184
65.2308	0.57935387
65.3538	0.59003508
65.4769	0.55997527
65.6000	0.59023827
65.7231	0.61145991
65.8462	0.63410729
65.9692	0.64972568
66.0923	0.64117461
66.2154	0.61998248
66.3385	0.61033916
66.4615	0.59398144
66.5846	0.57114619
66.7077	0.57655555
66.8308	0.57776529
66.9538	0.57317954
67.0769	0.59382230
67.2000	0.58833158
67.3231	0.59465998
67.4462	0.62086827
67.5692	0.63163602
67.6923	0.64824378
67.8154	0.64473403
67.9385	0.62376374
68.0615	0.58518714
68.1846	0.58946961
68.3077	0.56544173
68.4308	0.57088429
68.5538	0.57911122
68.6769	0.57864219
68.8000	0.59140134
68.9231	0.60678333
69.0462	0.60495138
69.1692	0.61855322
69.2923	0.63984931
69.4154	0.63889688
69.5385	0.63909429
69.6615	0.62562758
69.7846	0.58696818
69.9077	0.56862509
70.0308	0.57050854
70.1538	0.55930185
70.2769	0.58762753
70.4000	0.58555651
70.5231	0.59288961
70.6462	0.60132128
70.7692	0.62400770
70.8923	0.61937857
71.0154	0.63540697
71.1385	0.64225411
71.2615	0.62519348
71.3846	0.63125998
71.5077	0.58958775
71.6308	0.56430519
71.7538	0.55839097
71.8769	0.56987023
72.0000	0.57623875
72.1231	0.59541750
72.2462	0.59769607
72.3692	0.59577841
72.4923	0.62517172
72.6154	0.62627429
72.7385	0.63198107
72.8615	0.64289945
72.9846	0.63001257
73.1077	0.61615360
73.2308	0.60181206
73.3538	0.56912571
73.4769	0.55209929
73.6000	0.56657511
73.7231	0.57712466
73.8462	0.58961910
73.9692	0.60548949
74.0923	0.59560162
74.2154	0.60905933
74.3385	0.63709611
74.4615	0.63110346
74.5846	0.64165902
74.7077	0.63478869
74.8308	0.62172234
74.9538	0.59574133
75.0769	0.58205348
75.2000	0.55353445
75.3231	0.56055939
75.4462	0.58361077
75.5692	0.57567978
75.6923	0.59926081
75.8154	0.60046893
75.9385	0.60829043
76.0615	0.61791486
76.1846	0.63873971
76.3077	0.63961703
76.4308	0.64758885
76.5538	0.63281220
76.6769	0.58920330
76.8000	0.58362317
76.9231	0.57592499
77.0462	0.56237733
77.1692	0.56964493
77.2923	0.57324845
77.4154	0.58590090
77.5385	0.60335422
77.6615	0.60347807
77.7846	0.59714204
77.9077	0.63189030
78.0308	0.65885574
78.1538	0.64606369
78.2769	0.63705331
78.4000	0.60346270
78.5231	0.58996159
78.6462	0.58979261
78.7692	0.57156575
78.8923	0.55956167
79.0154	0.57507157
79.1385	0.58379894
79.2615	0.57878083
79.3846	0.59052169
79.5077	0.59775519
79.6308	0.61633164
79.7538	0.65654695
79.8769	0.64605522
80.0000	0.64116454
80.1231	0.62839127
80.2462	0.60535961
80.3692	0.58678991
80.4923	0.58776861
80.6154	0.58240092
80.7385	0.56673944
80.8615	0.57820988
80.9846	0.55814737
81.1077	0.57486659
81.2308	0.59348440
81.3538	0.60328305
81.4769	0.62588465
81.6000	0.65143991
81.7231	0.65070313
81.8462	0.63099843
81.9692	0.62525827
82.0923	0.60191554
82.2154	0.60369462
82.3385	0.60664415
82.4615	0.57756293
82.5846	0.56787324
82.7077	0.56260246
82.8308	0.55536216
82.9538	0.56817275
83.0769	0.59453893
83.2000	0.60725439
83.3231	0.62713623
83.4462	0.64419484
83.5692	0.63201594
83.6923	0.63235855
83.8154	0.63344616
83.9385	0.61303705
84.0615	0.62336051
84.1846	0.61399853
84.3077	0.58332849
84.4308	0.55855095
84.5538	0.55218971
84.6769	0.55668163
84.8000	0.57434154
84.9231	0.59860027
85.0462	0.58397090
85.1692	0.61927539
85.2923	0.62664515
85.4154	0.62797785
85.5385	0.62982339
85.6615	0.63961160
85.7846	0.64257729
85.9077	0.63768369
86.0308	0.61972523
86.1538	0.56973392
86.2769	0.57092726
86.4000	0.56714189
86.5231	0.56316364
86.6462	0.57321179
86.7692	0.57861578
86.8923	0.57619858
87.0154	0.59318155
87.1385	0.60500062
87.2615	0.61526805
87.3846	0.64142871
87.5077	0.65630627
87.6308	0.64040041
87.7538	0.64268184
87.8769	0.62244099
88.0000	0.59138572
88.1231	0.59195852
88.2462	0.58358461
88.3692	0.57952493
88.4923	0.57262135
88.6154	0.56254512
88.7385	0.54714930
88.8615	0.57276702
88.9846	0.59690171
89.1077	0.60341233
89.2308	0.63695395
89.3538	0.63696408
89.4769	0.63901538
89.6000	0.63981712
89.7231	0.63192314
89.8462	0.62138200
89.9692	0.62365228
90.0923	0.61853331
90.2154	0.58228517
90.3385	0.57950419
90.4615	0.55264544
90.5846	0.54445791
90.7077	0.56465203
90.8308	0.58127218
90.9538	0.59168637
91.0769	0.60263830
91.2000	0.60583317
91.3231	0.60998416
91.4462	0.64262855
91.5692	0.64942819
91.6923	0.63709855
91.8154	0.64930862
91.9385	0.63631600
92.0615	0.61100703
92.1846	0.59128332
92.3077	0.56768501
92.4308	0.56776273
92.5538	0.58136737
92.6769	0.57713139
92.8000	0.54935372
92.9231	0.56389940
93.0462	0.57566273
93.1692	0.59286046
93.2923	0.62295562
93.4154	0.62895232
93.5385	0.64027333
93.6615	0.65435261
93.7846	0.64140350
93.9077	0.62230510
94.0308	0.62540543
94.1538	0.62867057
94.2769	0.60307586
94.4000	0.60101700
94.5231	0.56843716
94.6462	0.55055732
94.7692	0.55642486
94.8923	0.55345893
95.0154	0.56982458
95.1385	0.58880824
95.2615	0.60728109
95.3846	0.58972198
95.5077	0.61984849
95.6308	0.62495095
95.7538	0.64335990
95.8769	0.65889370
96.0000	0.64885962
96.1231	0.63390738
96.2462	0.62934494
96.3692	0.60847270
96.4923	0.57654154
96.6154	0.58044362
96.7385	0.57810467
96.8615	0.57110858
96.9846	0.56556100
97.1077	0.55255628
97.2308	0.54326582
97.3538	0.58724689
97.4769	0.59947860
97.6000	0.61862403
97.7231	0.62670279
97.8462	0.64089727
97.9692	0.63425589
98.0923	0.64650840
98.2154	0.64319456
98.3385	0.62492865
98.4615	0.64629650
98.5846	0.61875135
98.7077	0.59540373
98.8308	0.56883824
98.9538	0.56098014
99.0769	0.55084431
99.2000	0.56918019
99.3231	0.57331210
99.4462	0.56078744
99.5692	0.57735246
99.6923	0.58254898
99.8154	0.59412241
99.9385	0.62769008
100.0615	0.64232886
100.1846	0.64559203
100.3077	0.65374017
100.4308	0.64993572
100.5538	0.62810767
100.6769	0.62515843
100.8000	0.62289572
100.9231	0.60192961
101.0462	0.60660863
101.1692	0.57825083
101.2923	0.54894984
101.4154	0.54572016
101.5385	0.55499387
101.6615	0.56178570
101.7846	0.57859403
101.9077	0.59036034
102.0308	0.58424711
102.1538	0.60745609
102.2769	0.62385798
102.4000	0.62539703
102.5231	0.65446347
102.6462	0.66080695
102.7692	0.65150708
102.8923	0.64160848
103.0154	0.62772775
103.1385	0.60536838
103.2615	0.59767717
103.3846	0.60526836
103.5077	0.57375324
103.6308	0.57454985
103.7538	0.55133486
103.8769	0.53708416
104.0000	0.55005294
104.1231	0.57508868
104.2462	0.58527404
104.3692	0.59231210
104.4923	0.61273587
104.6154	0.60706139
104.7385	0.63467574
104.8615	0.64550048
104.9846	0.64223713
105.1077	0.65609431
105.2308	0.66642773
105.3538	0.63904655
105.4769	0.61317027
105.6000	0.60047555
105.7231	0.59109247
105.8462	0.59026980
105.9692	0.58959979
106.0923	0.55275899
106.2154	0.54291487
106.3385	0.55396217
106.4615	0.54995078
106.5846	0.56756622
106.7077	0.58371902
106.8308	0.60045093
106.9538	0.60929638
107.0769	0.63160634
107.2000	0.62206179
107.3231	0.63124812
107.4462	0.66461700
107.5692	0.65833157
107.6923	0.65787232
107.8154	0.64262670
107.9385	0.61843109
108.0615	0.59944832
108.1846	0.60024112
108.3077	0.59182250
108.4308	0.56960839
108.5538	0.57555032
108.6769	0.54461557
108.8000	0.53985178
108.9231	0.55167770
109.0462	0.56275803
109.1692	0.57472944
109.2923	0.59692615
109.4154	0.60773718
109.5385	0.60714179
109.6615	0.63270205
109.7846	0.63405770
109.9077	0.64216298
110.0308	0.66836047
110.1538	0.67043519
110.2769	0.64275968
110.4000	0.63234437
110.5231	0.61034858
110.6462	0.60740697
110.7692	0.60544562
110.8923	0.59721863
111.0154	0.55638957
111.1385	0.55680114
111.2615	0.55220014
111.3846	0.53854775
111.5077	0.55530858
111.6308	0.55873001
111.7538	0.57973415
111.8769	0.59130073
112.0000	0.60927904
112.1231	0.59062886
112.2462	0.62108761
112.3692	0.65184742
112.4923	0.65804315
112.6154	0.66713190
112.7385	0.65610397
112.8615	0.63762194
112.9846	0.63586783
113.1077	0.63833511
113.2308	0.61915326
113.3538	0.60500699
113.4769	0.60073823
113.6000	0.56750888
113.7231	0.55296266
113.8462	0.55270183
113.9692	0.53942448
114.0923	0.55395055
114.2154	0.56609249
114.3385	0.56730717
114.4615	0.56174481
114.5846	0.58293998
114.7077	0.59083217
114.8308	0.61553645
114.9538	0.65169990
115.0769	0.64857888
115.2000	0.64585596
115.3231	0.65505910
115.4462	0.64880633
115.5692	0.65018547
115.6923	0.65527976
115.8154	0.64767736
115.9385	0.61780524
116.0615	0.61212945
116.1846	0.58785319
116.3077	0.56118339
116.4308	0.57097781
116.5538	0.55755883
116.6769	0.55696952
116.8000	0.55069768
116.9231	0.55007082
117.0462	0.53250450
117.1692	0.55869246
117.2923	0.58742875
117.4154	0.59459698
117.5385	0.61916101
117.6615	0.61638683
117.7846	0.62172133
117.9077	0.64213383
118.0308	0.66393322
118.1538	0.65656954
118.2769	0.66260040
118.4000	0.67105901
118.5231	0.64492232
118.6462	0.62958586
118.7692	0.62041724
118.8923	0.60327071
119.0154	0.60551935
119.1385	0.59922838
119.2615	0.56324983
119.3846	0.54216892
119.5077	0.54196417
119.6308	0.54473114
119.7538	0.54367948
119.8769	0.56721151
120.0000	0.55369967
120.1231	0.56146735
120.2462	0.58139706
120.3692	0.58759099
120.4923	0.60851997
120.6154	0.62993979
120.7385	0.65469819
120.8615	0.64352226
120.9846	0.66798192
121.1077	0.64948016
121.2308	0.64705479
121.3538	0.66690457
121.4769	0.66714442
121.6000	0.64714015
121.7231	0.62352467
121.8462	0.60834396
121.9692	0.58262795
122.0923	0.58852166
122.2154	0.58049661
122.3385	0.55617523
122.4615	0.55121607
122.5846	0.54786998
122.7077	0.52716470
122.8308	0.53856182
122.9538	0.55202687
123.0769	0.56581450
123.2000	0.57434946
123.3231	0.59545839
123.4462	0.58779895
123.5692	0.60434872
123.6923	0.63482547
123.8154	0.63892668
123.9385	0.66402221
124.0615	0.67491579
124.1846	0.66413093
124.3077	0.64415210
124.4308	0.65853429
124.5538	0.66342765
124.6769	0.65006512
124.8000	0.64587718
124.9231	0.61167932
125.0462	0.59179032
125.1692	0.59287566
125.2923	0.57123750
125.4154	0.55416316
125.5385	0.55305743
125.6615	0.56326210
125.7846	0.53390604
125.9077	0.53264523
126.0308	0.53027952
126.1538	0.54120725
126.2769	0.57768720
126.4000	0.58622199
126.5231	0.58002269
126.6462	0.58702737
126.7692	0.61957347
126.8923	0.62535214
127.0154	0.64532483
127.1385	0.66643536
127.2615	0.66410154
127.3846	0.66752779
127.5077	0.67194200
127.6308	0.65211529
127.7538	0.65545297
127.8769	0.66427886
128.0000	0.65424448
128.1231	0.62395680
128.2462	0.61288023
128.3692	0.58963215
128.4923	0.56694150
128.6154	0.58171856
128.7385	0.56356692
128.8615	0.55119944
128.9846	0.53745395
129.1077	0.53172332
129.2308	0.52188903
129.3539	0.53997552
129.4769	0.56056905
129.6000	0.55076820
129.7231	0.57498401
129.8462	0.57899672
129.9692	0.58586216
130.0923	0.60481852
130.2154	0.63191098
130.3385	0.64334422
130.4615	0.65586698
130.5846	0.67646194
130.7077	0.65519333
130.8308	0.65776652
130.9538	0.67511475
131.0769	0.67755222
131.2000	0.67351234
131.3231	0.66461557
131.4462	0.63253295
131.5692	0.61335230
131.6923	0.61867768
131.8154	0.61182582
131.9385	0.58064234
132.0615	0.57719272
132.1846	0.56062156
132.3077	0.53786826
132.4308	0.53816497
132.5538	0.52674371
132.6769	0.53187835
132.8000	0.54040277
132.9231	0.55684203
133.0462	0.53038800
133.1692	0.54199350
133.2923	0.56649077
133.4154	0.57926673
133.5385	0.60946119
133.6615	0.61925584
133.7846	0.62332499
133.9077	0.62506485
134.0308	0.65637887
134.1538	0.66064399
134.2769	0.66975605
134.4000	0.69246334
134.5231	0.67891884
134.6461	0.66857839
134.7692	0.67047215
134.8923	0.66158628
135.0154	0.64916730
135.1385	0.65276939
135.2615	0.64621037
135.3846	0.60912812
135.5077	0.59134448
135.6308	0.57882136
135.7538	0.56111377
135.8769	0.57154959
136.0000	0.55988777
136.1231	0.53252667
136.2462	0.51935232
136.3692	0.52770728
136.4923	0.52505279
136.6154	0.52544975
136.7385	0.54960036
136.8615	0.54352421
136.9846	0.55489469
137.1077	0.56684077
137.2308	0.56968474
137.3539	0.58897203
137.4769	0.62133527
137.6000	0.64259773
137.7231	0.63230288
137.8462	0.65529937
137.9692	0.65899467
138.0923	0.65906662
138.2154	0.68697482
138.3385	0.69575369
138.4615	0.69117701
138.5846	0.67496830
138.7077	0.67175394
138.8308	0.65401226
138.9538	0.66099471
139.0769	0.66760135
139.2000	0.62916523
139.3231	0.61149490
139.4462	0.60501027
139.5692	0.58638561
139.6923	0.56271952
139.8154	0.56075543
139.9385	0.55585426
140.0615	0.54237056
140.1846	0.53613973
140.3077	0.51365507
140.4308	0.49929014
140.5538	0.53115869
140.6769	0.54184222
140.8000	0.53415871
140.9231	0.53193754
141.0462	0.54435122
141.1692	0.55523920
141.2923	0.57211661
141.4154	0.60376561
141.5385	0.59617919
141.6615	0.62855959
141.7846	0.63993573
141.9077	0.64049333
142.0308	0.64506257
142.1538	0.67557031
142.2769	0.69606441
142.4000	0.68452990
142.5231	0.70089495
142.6461	0.67865920
142.7692	0.67655736
142.8923	0.68665659
143.0154	0.69207561
143.1385	0.67165440
143.2615	0.66223663
143.3846	0.64591640
143.5077	0.61660933
143.6308	0.61098450
143.7538	0.61696500
143.8769	0.59079963
144.0000	0.57170773
144.1231	0.56296319
144.2462	0.53559345
144.3692	0.53035241
144.4923	0.52660912
144.6154	0.52955723
144.7385	0.51054811
144.8615	0.52825814
144.9846	0.51109654
145.1077	0.50185335
145.2308	0.52120715
145.3539	0.53792810
145.4769	0.55178094
145.6000	0.55785227
145.7231	0.57044357
145.8462	0.56079972
145.9692	0.59113014
146.0923	0.62504947
146.2154	0.62943465
146.3385	0.64231730
146.4615	0.65879691
146.5846	0.66085553
146.7077	0.66954750
146.8308	0.68760884
146.9538	0.70059890
147.0769	0.69372958
147.2000	0.71835428
147.3231	0.70001125
147.4462	0.67945701
147.5692	0.68584609
147.6923	0.69489467
147.8154	0.68814665
147.9385	0.67063725
148.0615	0.65698737
148.1846	0.62107223
148.3077	0.61826038
148.4308	0.62484777
148.5538	0.60156548
148.6769	0.57727879
148.8000	0.57188755
148.9231	0.54751766
149.0462	0.53409827
149.1692	0.52515757
149.2923	0.52951849
149.4154	0.50826377
149.5385	0.52251714
149.6615	0.50593328
149.7846	0.48759571
149.9077	0.49979225
150.0308	0.51429474
150.1538	0.52658165
150.2769	0.52251458
150.4000	0.54337066
150.5231	0.52742565
150.6461	0.54954237
150.7692	0.57621884
150.8923	0.59154153
151.0154	0.60209268
151.1385	0.62325108
151.2615	0.62681860
151.3846	0.62985736
151.5077	0.65883851
151.6308	0.68359613
151.7538	0.68069422
151.8769	0.69909310
152.0000	0.70733058
152.1231	0.69448060
152.2462	0.70520914
152.3692	0.71569586
152.4923	0.72356045
152.6154	0.71561158
152.7385	0.72122109
152.8615	0.69015008
152.9846	0.67304689
153.1077	0.69525057
153.2308	0.68710285
153.3539	0.66612381
153.4769	0.64545894
153.6000	0.63155377
153.7231	0.61043757
153.8462	0.60047758
153.9692	0.60448819
154.0923	0.56826031
154.2154	0.56620747
154.3385	0.55035698
154.4615	0.52817202
154.5846	0.50983787
154.7077	0.51665640
154.8308	0.51606977
154.9538	0.49776635
155.0769	0.50263107
155.2000	0.48346591
155.3231	0.47498915
155.4462	0.49046504
155.5692	0.50886792
155.6923	0.50270796
155.8154	0.50733918
155.9385	0.50946289
156.0615	0.51481259
156.1846	0.52863008
156.3077	0.56568098
156.4308	0.55783409
156.5538	0.57382506
156.6769	0.59568644
156.8000	0.60403824
156.9231	0.60805011
157.0462	0.62887621
157.1692	0.66589129
157.2923	0.66500664
157.4154	0.68836820
157.5385	0.68057889
157.6615	0.68098509
157.7846	0.71060014
157.9077	0.73857749
158.0308	0.73265147
158.1538	0.72022504
158.2769	0.73566669
158.4000	0.73327827
158.5231	0.72290385
158.6461	0.74540657
158.7692	0.73810869
158.8923	0.72832757
159.0154	0.71508533
159.1385	0.70595747
159.2615	0.68938541
159.3846	0.69024622
159.5077	0.69808513
159.6308	0.66042876
159.7538	0.64584410
159.8769	0.63817966
160.0000	0.61633641
160.1231	0.59581107
160.2462	0.60058880
160.3692	0.59214270
160.4923	0.56150395
160.6154	0.53827757
160.7385	0.52989197
160.8615	0.51211989
160.9846	0.52705169
161.1077	0.51313466
161.2308	0.48519033
161.3539	0.47204739
161.4769	0.47991654
161.6000	0.47753769
161.7231	0.45782572
161.8462	0.47837770
161.9692	0.46914545
162.0923	0.47163507
162.2154	0.46811223
162.3385	0.46844792
162.4615	0.47212890
162.5846	0.49719170
162.7077	0.52021092
162.8308	0.49973917
162.9538	0.50649148
163.0769	0.52706105
163.2000	0.54312384
163.3231	0.56020600
163.4462	0.58278495
163.5692	0.58603430
163.6923	0.58979273
163.8154	0.61310953
163.9385	0.63415653
164.0615	0.63670075
164.1846	0.66994965
164.3077	0.68742007
164.4308	0.68064404
164.5538	0.69429928
164.6769	0.70897835
164.8000	0.72921550
164.9231	0.73126340
165.0462	0.76787627
165.1692	0.75317556
165.2923	0.74355757
165.4154	0.76244593
165.5385	0.77221644
165.6615	0.78308058
165.7846	0.78090489
165.9077	0.78956085
166.0308	0.75739789
166.1538	0.76195472
166.2769	0.78100628
166.4000	0.77129787
166.5231	0.76014358
166.6461	0.75777906
166.7692	0.74315298
166.8923	0.72234696
167.0154	0.72109973
167.1385	0.72450262
167.2615	0.69936037
167.3846	0.69462097
167.5077	0.68313587
167.6308	0.64629424
167.7538	0.63611919
167.8769	0.63833320
168.0000	0.63369489
168.1231	0.60152847
168.2462	0.58949411
168.3692	0.56772113
168.4923	0.54366976
168.6154	0.55248201
168.7385	0.54411644
168.8615	0.51848316
168.9846	0.49919683
169.1077	0.49199790
169.2308	0.47903842
169.3539	0.46190059
169.4769	0.47419804
169.6000	0.45443094
169.7231	0.44232455
169.8462	0.43938166
169.9692	0.42842209
170.0923	0.41782388
170.2154	0.41967559
170.3385	0.43927839
170.4615	0.41913262
170.5846	0.41590858
170.7077	0.41324666
170.8308	0.41191375
170.9538	0.42433870
171.0769	0.44280884
171.2000	0.43965936
171.3231	0.42565668
171.4462	0.44103712
171.5692	0.45772541
171.6923	0.45731813
171.8154	0.47437796
171.9385	0.49081200
172.0615	0.49106705
172.1846	0.50364649
172.3077	0.51337099
172.4308	0.52664983
172.5538	0.53510362
172.6769	0.57827759
172.8000	0.58072925
172.9231	0.57185346
173.0462	0.59426045
173.1692	0.61331445
173.2923	0.63879359
173.4154	0.64710355
173.5385	0.67879450
173.6615	0.66583675
173.7846	0.67918485
173.9077	0.71000612
174.0308	0.72312164
174.1538	0.73877198
174.2769	0.75667542
174.4000	0.76996374
174.5231	0.75864732
174.6461	0.78195393
174.7692	0.81261271
174.8923	0.81560445
175.0154	0.82308459
175.1385	0.84602976
175.2615	0.83695155
175.3846	0.84096229
175.5077	0.85784596
175.6308	0.88567680
175.7538	0.87869167
175.8769	0.88812810
176.0000	0.89128101
176.1231	0.86884367
176.2462	0.89524484
176.3692	0.91754329
176.4923	0.92050475
176.6154	0.89238113
176.7385	0.89878690
176.8615	0.90791476
176.9846	0.89561898
177.1077	0.91583532
177.2308	0.91131735
177.3539	0.89581859
177.4769	0.89160073
177.6000	0.89398706
177.7231	0.88434660
177.8462	0.86519921
177.9692	0.89608550
178.0923	0.88426316
178.2154	0.85231447
178.3385	0.83853078
178.4615	0.84095037
178.5846	0.84177881
178.7077	0.83689034
178.8308	0.83140266
178.9538	0.79602718
179.0769	0.77542460
179.2000	0.79292828
179.3231	0.78394598
179.4462	0.75715005
179.5692	0.75297934
179.6923	0.74207950
179.8154	0.72135746
179.9385	0.69414222
180.0615	0.70849222
180.1846	0.68845409
180.3077	0.67555511
180.4308	0.66564465
180.5538	0.63670939
180.6769	0.61853731
180.8000	0.61369807
180.9231	0.62268400
181.0462	0.58976835
181.1692	0.57126522
181.2923	0.56447387
181.4154	0.53721225
181.5385	0.52882183
181.6615	0.52925330
181.7846	0.52150536
181.9077	0.48777297
182.0308	0.47092283
182.1538	0.46968445
182.2769	0.44807670
182.4000	0.44699487
182.5231	0.43693197
182.6461	0.41731459
182.7692	0.39558443
182.8923	0.39322919
183.0154	0.38127843
183.1385	0.36332175
183.2615	0.36215541
183.3846	0.36126116
183.5077	0.32944059
183.6308	0.31752038
183.7538	0.31265983
183.8769	0.30982214
184.0000	0.30026436
184.1231	0.29293120
184.2462	0.28126308
184.3692	0.25247160
184.4923	0.26410946
184.6154	0.25621760
184.7385	0.25173491
184.8615	0.23479098
184.9846	0.23516485
185.1077	0.22057749
185.2308	0.21046978
185.3539	0.21677130
185.4769	0.20867202
185.6000	0.19964796
185.7231	0.19720739
185.8462	0.19399306
185.9692	0.17864184
186.0923	0.17598456
186.2154	0.18324026
186.3385	0.18176556
186.4615	0.16950099
186.5846	0.17021982
186.7077	0.15731481
186.8308	0.15952192
186.9538	0.16498224
187.0769	0.16970670
187.2000	0.15506968
187.3231	0.15065905
187.4462	0.15910593
187.5692	0.15209976
187.6923	0.15448296
187.8154	0.15828055
187.9385	0.15950160
188.0615	0.15368548
188.1846	0.15491866
188.3077	0.15843607
188.4308	0.15237199
188.5538	0.16398147
188.6769	0.17156704
188.8000	0.16428736
188.9231	0.16176161
189.0462	0.16631532
189.1692	0.17464586
189.2923	0.17226392
189.4154	0.18728806
189.5385	0.18755913
189.6615	0.17945437
189.7846	0.18460053
189.9077	0.19577783
190.0308	0.20236675
190.1538	0.20442182
190.2769	0.21433277
190.4000	0.21254542
190.5231	0.20971993
190.6461	0.22589968
190.7692	0.23484047
190.8923	0.23442510
191.0154	0.24501058
191.1385	0.25269902
191.2615	0.25366807
191.3846	0.24890164
191.5077	0.27394548
191.6308	0.28079486
191.7538	0.28414106
191.8769	0.29453820
192.0000	0.29386675
192.1231	0.29903167
192.2462	0.30540830
192.3692	0.33796382
192.4923	0.33231479
192.6154	0.33522999
192.7385	0.34397882
192.8615	0.35080865
192.9846	0.36013681
193.1077	0.37818271
193.2308	0.39459437
193.3539	0.38501668
193.4769	0.39279017
193.6000	0.41462621
193.7231	0.41962841
193.8462	0.42180634
193.9692	0.44703013
194.0923	0.45688221
194.2154	0.45988244
194.3385	0.45657817
194.4615	0.48057926
194.5846	0.48505843
194.7077	0.50990951
194.8308	0.52795678
194.9538	0.51328230
195.0769	0.51542979
195.2000	0.53786850
195.3231	0.57564807
195.4462	0.56336486
195.5692	0.57237399
195.6923	0.59074563
195.8154	0.59284574
195.9385	0.60394186
196.0615	0.61998028
196.1846	0.63991565
196.3077	0.64166862
196.4308	0.65764129
196.5538	0.66802418
196.6769	0.65657401
196.8000	0.68368179
196.9231	0.71503937
197.0462	0.72047049
197.1692	0.70977688
197.2923	0.72461587
197.4154	0.74501622
197.5385	0.74450397
197.6615	0.76695406
197.7846	0.79325676
197.9077	0.78272080
198.0308	0.78543907
198.1538	0.79727542
198.2769	0.82107115
198.4000	0.82613975
198.5231	0.84768176
198.6461	0.85792273
198.7692	0.83292818
198.8923	0.85948724
199.0154	0.88048381
199.1385	0.89521265
199.2615	0.88232154
199.3846	0.90641755
199.5077	0.91945249
199.6308	0.90002382
199.7538	0.91747445
199.8769	0.93813932
200.0000	0.95014799
200.1231	0.95072329
200.2462	0.95407563
200.3692	0.94977093
200.4923	0.94231850
200.6154	0.98462451
200.7385	1.00128376
200.8615	0.97541177
200.9846	0.96851587
201.1077	0.98456514
201.2308	0.99769068
201.3539	0.99006891
201.4769	1.00659490
201.6000	1.01033223
201.7231	0.98839438
201.8462	0.99854207
201.9692	1.00544024
202.0923	0.99896616
202.2154	1.00266623
202.3385	1.01456690
202.4615	1.01568902
202.5846	0.96996737
202.7077	0.99230951
202.8308	0.99878174
202.9538	1.00007379
203.0769	0.98962748
203.2000	0.98441416
203.3231	0.97226429
203.4462	0.94439238
203.5692	0.97766656
203.6923	0.97329164
203.8154	0.95342916
203.9385	0.93174404
204.0615	0.93507487
204.1846	0.92014694
204.3077	0.91056985
204.4308	0.91681916
204.5538	0.90985155
204.6769	0.87263811
204.8000	0.87155002
204.9231	0.86508572
205.0462	0.84408486
205.1692	0.83586979
205.2923	0.83698338
205.4154	0.82953715
205.5385	0.77560163
205.6615	0.77950466
205.7846	0.77217042
205.9077	0.76469737
206.0308	0.74811280
206.1538	0.73229086
206.2769	0.70992881
206.4000	0.67675382
206.5231	0.69149983
206.6461	0.68161583
206.7692	0.65358651
206.8923	0.63439685
207.0154	0.62466335
207.1385	0.60668707
207.2615	0.58379018
207.3846	0.58842629
207.5077	0.58082247
207.6308	0.54524815
207.7538	0.53305739
207.8769	0.52598536
208.0000	0.51353854
208.1231	0.49846539
208.2462	0.49606669
208.3692	0.48950756
208.4923	0.45651558
208.6154	0.45111021
208.7385	0.45070261
208.8615	0.44307494
208.9846	0.43778166
209.1077	0.42956018
209.2308	0.41809517
209.3539	0.39631349
209.4769	0.40852749
209.6000	0.42450729
209.7231	0.40296191
209.8462	0.39203581
209.9692	0.39231136
210.0923	0.40642244
210.2154	0.39638257
210.3385	0.39845929
210.4615	0.41392431
210.5846	0.40493974
210.7077	0.40925208
210.8308	0.41097614
210.9538	0.42428592
211.0769	0.42805672
211.2000	0.44545096
211.3231	0.45686081
211.4462	0.44310352
211.5692	0.44939020
211.6923	0.48445493
211.8154	0.50330108
211.9385	0.49895579
212.0615	0.50278580
212.1846	0.52392471
212.3077	0.53810424
212.4308	0.54360133
212.5538	0.58092082
212.6769	0.58172506
212.8000	0.59085143
212.9231	0.59781951
213.0462	0.62649536
213.1692	0.63734221
213.2923	0.64375049
213.4154	0.68242073
213.5385	0.67589724
213.6615	0.68079883
213.7846	0.69030160
213.9077	0.72634518
214.0308	0.73105848
214.1538	0.73387206
214.2769	0.75433636
214.4000	0.75107545
214.5231	0.74612492
214.6461	0.77003843
214.7692	0.79405701
214.8923	0.78854334
215.0154	0.77446550
215.1385	0.78327191
215.2615	0.79017729
215.3846	0.78015280
215.5077	0.80515325
215.6308	0.79745400
215.7538	0.78092468
215.8769	0.76316530
216.0000	0.77897567
216.1231	0.78031301
216.2462	0.75295532
216.3692	0.76217306
216.4923	0.74918163
216.6154	0.72968084
216.7385	0.70990831
216.8615	0.71346116
216.9846	0.71052206
217.1077	0.68213189
217.2308	0.67969215
217.3539	0.65741158
217.4769	0.62870216
217.6000	0.62391549
217.7231	0.63046974
217.8462	0.61815053
217.9692	0.57142329
218.0923	0.56182939
218.2154	0.56260610
218.3385	0.54838955
218.4615	0.53642255
218.5846	0.52574456
218.7077	0.51098406
218.8308	0.49097693
218.9538	0.48804894
219.0769	0.49352813
219.2000	0.47355214
219.3231	0.46986175
219.4462	0.47421205
219.5692	0.46158785
219.6923	0.45121360
219.8154	0.45310849
219.9385	0.48388779
220.0615	0.46833938
220.1846	0.45902458
220.3077	0.46704856
220.4308	0.47867617
220.5538	0.49250174
220.6769	0.49607420
220.8000	0.51833332
220.9231	0.50862366
221.0462	0.51440400
221.1692	0.54311758
221.2923	0.56348670
221.4154	0.56889796
221.5385	0.57580578
221.6615	0.59901851
221.7846	0.60666239
221.9077	0.61049622
222.0308	0.64418387
222.1538	0.66540694
222.2769	0.66098553
222.4000	0.66902137
222.5231	0.68531495
222.6461	0.70377827
222.7692	0.69901824
222.8923	0.72777861
223.0154	0.73953611
223.1385	0.71982008
223.2615	0.72373229
223.3846	0.73400140
223.5077	0.75739813
223.6308	0.73773873
223.7538	0.74526119
223.8769	0.73701525
224.0000	0.71477884
224.1231	0.72185349
224.2462	0.72981024
224.3692	0.72701174
224.4923	0.68643153
224.6154	0.68206072
224.7385	0.68261880
224.8615	0.66285908
224.9846	0.64697415
225.1077	0.64645916
225.2308	0.62996662
225.3539	0.60262513
225.4769	0.58348143
225.6000	0.58706141
225.7231	0.56853229
225.8462	0.55314010
225.9692	0.55301100
226.0923	0.52671421
226.2154	0.51075053
226.3385	0.49900126
226.4615	0.52286631
226.5846	0.50604713
226.7077	0.48300707
226.8308	0.48405087
226.9538	0.48542479
227.0769	0.49226302
227.2000	0.48929241
227.3231	0.50449079
227.4462	0.49935377
227.5692	0.49104163
227.6923	0.51337415
227.8154	0.53375196
227.9385	0.53676921
228.0615	0.54164779
228.1846	0.56044066
228.3077	0.58064950
228.4308	0.57103473
228.5538	0.59634715
228.6769	0.62792480
228.8000	0.63843542
228.9231	0.63639098
229.0462	0.64370042
229.1692	0.66867900
229.2923	0.67689097
229.4154	0.69573873
229.5385	0.71295440
229.6615	0.69615817
229.7846	0.69179577
229.9077	0.71308506
230.0308	0.73252004
230.1538	0.72271138
230.2769	0.69857514
230.4000	0.72219688
230.5231	0.70001221
230.6461	0.69526690
230.7692	0.68416083
230.8923	0.69720638
231.0154	0.67547536
231.1385	0.64411706
231.2615	0.64493227
231.3846	0.62771249
231.5077	0.61870551
231.6308	0.60402369
231.7538	0.60166228
231.8769	0.56869096
232.0000	0.54911149
232.1231	0.54571301
232.2462	0.55505192
232.3692	0.52425647
232.4923	0.52206624
232.6154	0.51061267
232.7385	0.50725192
232.8615	0.49449593
232.9846	0.50529224
233.1077	0.52740562
233.2308	0.49916720
233.3539	0.50001973
233.4769	0.50891256
233.6000	0.54226118
233.7231	0.53745204
233.8462	0.54119635
233.9692	0.56181169
234.0923	0.57070315
234.2154	0.57779098
234.3385	0.59982896
234.4615	0.61918104
234.5846	0.63296628
234.7077	0.63421917
234.8308	0.65768176
234.9538	0.65895224
235.0769	0.66296577
235.2000	0.69505048
235.3231	0.71000105
235.4462	0.69591427
235.5692	0.67250490
235.6923	0.69796807
235.8154	0.72127765
235.9385	0.70171821
236.0615	0.68729901
236.1846	0.68364954
236.3077	0.67538935
236.4308	0.66462719
236.5538	0.65277380
236.6769	0.66160518
236.8000	0.62237877
236.9231	0.61423689
237.0462	0.59941053
237.1692	0.58985853
237.2923	0.57022715
237.4154	0.56176299
237.5385	0.56719160
237.6615	0.53389484
237.7846	0.51535714
237.9077	0.52087963
238.0308	0.53150076
238.1538	0.52065855
238.2769	0.50711644
238.4000	0.51377326
238.5231	0.52002257
238.6461	0.51378578
238.7692	0.53840017
238.8923	0.55226630
239.0154	0.55421793
239.1385	0.54626453
239.2615	0.57025695
239.3846	0.60522056
239.5077	0.60643137
239.6308	0.61539388
239.7538	0.63394892
239.8769	0.64185715
240.0000	0.65183890
240.1231	0.65987623
240.2462	0.69523448
240.3692	0.68196428
240.4923	0.68012935
240.6154	0.68922031
240.7385	0.68946570
240.8615	0.68892330
240.9846	0.67845964
241.1077	0.69982952
241.2308	0.66818756
241.3539	0.64479369
241.4769	0.63852376
241.6000	0.65140629
241.7231	0.63021338
241.8462	0.60605299
241.9692	0.58835965
242.0923	0.58403248
242.2154	0.55683959
242.3385	0.55980957
242.4615	0.55850160
242.5846	0.53818601
242.7077	0.51903552
242.8308	0.51194650
242.9538	0.53958756
243.0769	0.52088398
243.2000	0.52282089
243.3231	0.52828997
243.4462	0.54014772
243.5692	0.53964216
243.6923	0.54362476
243.8154	0.57803303
243.9385	0.59015453
244.0615	0.58806157
244.1846	0.60154909
244.3077	0.61725163
244.4308	0.63735461
244.5538	0.64621353
244.6769	0.67058927
244.8000	0.67317247
244.9231	0.65442765
245.0462	0.66941333
245.1692	0.69646257
245.2923	0.69900924
245.4154	0.67387998
245.5385	0.66206616
245.6615	0.67659491
245.7846	0.65929556
245.9077	0.64548433
246.0308	0.64439934
246.1538	0.62981683
246.2769	0.61032748
246.4000	0.57966650
246.5231	0.59131914
246.6461	0.57308781
246.7692	0.55749470
246.8923	0.55005085
247.0154	0.54181224
247.1385	0.52976155
247.2615	0.51480645
247.3846	0.53539562
247.5077	0.54752147
247.6308	0.52828437
247.7538	0.52544326
247.8769	0.54125410
248.0000	0.56926125
248.1231	0.57278287
248.2462	0.57929075
248.3692	0.60119647
248.4923	0.60315299
248.6154	0.61486679
248.7385	0.63914168
248.8615	0.66210216
248.9846	0.66101432
249.1077	0.65300024
249.2308	0.67149997
249.3539	0.68312907
249.4769	0.66824198
249.6000	0.68167216
249.7231	0.67432082
249.8462	0.67372131
249.9692	0.63184571
250.0923	0.64225191
250.2154	0.64513582
250.3385	0.62278199
250.4615	0.60130513
250.5846	0.58342236
250.7077	0.58553135
250.8308	0.55442560
250.9538	0.55250287
251.0769	0.55632216
251.2000	0.55001366
251.3231	0.51883227
251.4462	0.52115595
251.5692	0.53752393
251.6923	0.55775237
251.8154	0.53812516
251.9385	0.54750717
252.0615	0.56106496
252.1846	0.57340467
252.3077	0.59350765
252.4308	0.60281545
252.5538	0.62813884
252.6769	0.61710173
252.8000	0.63863456
252.9231	0.65727174
253.0462	0.66215569
253.1692	0.66433108
253.2923	0.67278832
253.4154	0.68574429
253.5385	0.66164523
253.6615	0.64272797
253.7846	0.66755915
253.9077	0.66951138
254.0308	0.64220947
254.1538	0.60175455
254.2769	0.60453516
254.4000	0.61131656
254.5231	0.58587450
254.6461	0.57010150
254.7692	0.55998898
254.8923	0.55005419
255.0154	0.53606713
255.1385	0.53384066
255.2615	0.55041265
255.3846	0.54245567
255.5077	0.53178769
255.6308	0.54609013
255.7538	0.55673945
255.8769	0.57463986
256.0000	0.57432467
256.1231	0.60317564
256.2462	0.61360872
256.3692	0.60764992
256.4923	0.62910336
256.6154	0.64958960
256.7385	0.67251116
256.8615	0.65525281
256.9846	0.65936410
257.1077	0.66972518
257.2308	0.66157699
257.3539	0.66194224
257.4769	0.66266090
257.6000	0.65721160
257.7231	0.62313646
257.8462	0.60312831
257.9692	0.61537057
258.0923	0.61141127
258.2154	0.57710600
258.3385	0.56029278
258.4615	0.55390435
258.5846	0.55826789
258.7077	0.53574836
258.8308	0.53986168
258.9539	0.55384761
259.0769	0.54071403
259.2000	0.54202461
259.3231	0.54512566
259.4462	0.58612251
259.5692	0.58487070
259.6923	0.58729959
259.8154	0.60662895
259.9385	0.62199426
260.0615	0.63252497
260.1846	0.63631999
260.3077	0.66579151
260.4308	0.67343402
260.5538	0.65187085
260.6769	0.64801693
260.8000	0.66550815
260.9231	0.66987634
261.0461	0.65356338
261.1692	0.62681848
261.2923	0.62496591
261.4154	0.60621375
261.5385	0.59725821
261.6615	0.59527755
261.7846	0.57531142
261.9077	0.55814385
262.0308	0.53749150
262.1538	0.55382717
262.2769	0.55255675
262.4000	0.53687167
262.5231	0.54626125
262.6461	0.55497664
262.7692	0.56853437
262.8923	0.55631977
263.0154	0.58056986
263.1385	0.61903435
263.2615	0.62068963
263.3846	0.61068422
263.5077	0.61952758
263.6308	0.65880299
263.7538	0.67135185
263.8769	0.65383536
264.0000	0.65637791
264.1231	0.66113424
264.2462	0.65103602
264.3692	0.64449614
264.4923	0.64015758
264.6154	0.64309472
264.7385	0.60286391
264.8615	0.58475739
264.9846	0.58707172
265.1077	0.58202446
265.2308	0.56761622
265.3539	0.54322207
265.4769	0.55139637
265.6000	0.54795563
265.7231	0.53805292
265.8462	0.55196345
265.9692	0.56324041
266.0923	0.57736164
266.2154	0.56722331
266.3385	0.58180875
266.4615	0.61336625
266.5846	0.62259901
266.7077	0.63641262
266.8308	0.63895619
266.9539	0.65148765
267.0769	0.64634383
267.2000	0.65411538
267.3231	0.67225587
267.4462	0.66701603
267.5692	0.63143766
267.6923	0.62442744
267.8154	0.62580287
267.9385	0.62997240
268.0615	0.59267288
268.1846	0.57697111
268.3077	0.58001900
268.4308	0.55773044
268.5538	0.55289769
268.6769	0.53932393
268.8000	0.56903517
268.9231	0.55065662
269.0461	0.54125965
269.1692	0.55431604
269.2923	0.58312500
269.4154	0.59768486
269.5385	0.59034896
269.6615	0.60844070
269.7846	0.63244414
269.9077	0.63501740
270.0308	0.63494271
270.1538	0.66041207
270.2769	0.66910589
270.4000	0.66036552
270.5231	0.62515390
270.6461	0.64632010
270.7692	0.64876640
270.8923	0.63524938
271.0154	0.60534942
271.1385	0.58580667
271.2615	0.58854127
271.3846	0.57040119
271.5077	0.56748456
271.6308	0.56054658
271.7538	0.54730797
271.8769	0.54443127
272.0000	0.54740965
272.1231	0.56755805
272.2462	0.57235730
272.3692	0.57036090
272.4923	0.59646404
272.6154	0.60534465
272.7385	0.61713350
272.8615	0.61853230
272.9846	0.65011799
273.1077	0.66861218
273.2308	0.64570725
273.3539	0.63182998
273.4769	0.65020573
273.6000	0.66671151
273.7231	0.64778984
273.8462	0.60760760
273.9692	0.60631418
274.0923	0.60770923
274.2154	0.58561039
274.3385	0.57495618
274.4615	0.56035924
274.5846	0.57042527
274.7077	0.54038435
274.8308	0.54237765
274.9539	0.56094563
275.0769	0.57267290
275.2000	0.57406902
275.3231	0.56490350
275.4462	0.59664470
275.5692	0.61474526
275.6923	0.62214267
275.8154	0.63189769
275.9385	0.64782465
276.0615	0.65105957
276.1846	0.64289236
276.3077	0.64220476
276.4308	0.66321117
276.5538	0.64802444
276.6769	0.62301052
276.8000	0.60869765
276.9231	0.60180497
277.0461	0.60110664
277.1692	0.57251471
277.2923	0.57421827
277.4154	0.56173259
277.5385	0.54586965
277.6615	0.54656470
277.7846	0.55639738
277.9077	0.58405286
278.0308	0.56614023
278.1538	0.56539917
278.2769	0.59123003
278.4000	0.62129211
278.5231	0.63139230
278.6461	0.62089896
278.7692	0.63964665
278.8923	0.65714014
279.0154	0.64765698
279.1385	0.64022940
279.2615	0.64792573
279.3846	0.64967561
279.5077	0.62849671
279.6308	0.59211677
279.7538	0.60007519
279.8769	0.59446269
280.0000	0.58211315
280.1231	0.56155682
280.2462	0.55011296
280.3692	0.56001645
280.4923	0.54760498
280.6154	0.56393909
280.7385	0.57661808
280.8615	0.58149940
280.9846	0.58083910
281.1077	0.58872551
281.2308	0.63090611
281.3539	0.64479810
281.4769	0.63287473
281.6000	0.63382351
281.7231	0.64668667
281.8462	0.66088653
281.9692	0.64104015
282.0923	0.63003927
282.2154	0.63452184
282.3385	0.61569697
282.4615	0.59211332
282.5846	0.57650971
282.7077	0.58225644
282.8308	0.58101487
282.9539	0.55095088
283.0769	0.54685134
283.2000	0.55586451
283.3231	0.56741345
283.4462	0.57728863
283.5692	0.57472372
283.6923	0.60307449
283.8154	0.59949714
283.9385	0.61302650
284.0615	0.63438499
284.1846	0.65399683
284.3077	0.65586948
284.4308	0.62618548
284.5538	0.63836479
284.6769	0.64966214
284.8000	0.64329028
284.9231	0.61244303
285.0461	0.59740806
285.1692	0.59510070
285.2923	0.58604115
285.4154	0.55851650
285.5385	0.56465542
285.6615	0.56613052
285.7846	0.56156754
285.9077	0.55081701
286.0308	0.55546474
286.1538	0.59876859
286.2769	0.59684300
286.4000	0.60403061
286.5231	0.60483372
286.6461	0.63224745
286.7692	0.64738548
286.8923	0.63769728
287.0154	0.65151513
287.1385	0.65005088
287.2615	0.63725907
287.3846	0.61502802
287.5077	0.61343890
287.6308	0.62320077
287.7538	0.60014397
287.8769	0.56288010
288.0000	0.55842048
288.1231	0.56599653
288.2462	0.57414651
288.3692	0.55662954
288.4923	0.55426383
288.6154	0.57747555
288.7385	0.58168280
288.8615	0.59772468
288.9846	0.60586751
289.1077	0.63169229
289.2308	0.63854247
289.3539	0.62587315
289.4769	0.64273143
289.6000	0.64953035
289.7231	0.65090925
289.8462	0.62995517
289.9692	0.61469775
290.0923	0.61544633
290.2154	0.59207857
290.3385	0.58073843
290.4615	0.57796717
290.5846	0.57354224
290.7077	0.55988735
290.8308	0.53976566
290.9539	0.56304926
291.0769	0.59055829
291.2000	0.59044105
291.3231	0.57988429
291.4462	0.59078342
291.5692	0.62956798
291.6923	0.64972979
291.8154	0.63002157
291.9385	0.63841009
292.0615	0.64248943
292.1846	0.64934248
292.3077	0.62638324
292.4308	0.61151350
292.5538	0.62567449
292.6769	0.59766924
292.8000	0.58113402
292.9231	0.55376911
293.0461	0.57243466
293.1692	0.57456875
293.2923	0.56108147
293.4154	0.55591965
293.5385	0.57003325
293.6615	0.58894700
293.7846	0.60053408
293.9077	0.60915780
294.0308	0.62786174
294.1538	0.63747722
294.2769	0.62395918
294.4000	0.64364606
294.5231	0.64592999
294.6461	0.65737754
294.7692	0.61541277
294.8923	0.60095042
295.0154	0.60580438
295.1385	0.59913236
295.2615	0.58546436
295.3846	0.55688965
295.5077	0.56250918
295.6308	0.56638479
295.7538	0.56053281
295.8769	0.56887597
296.0000	0.58466750
296.1231	0.60179728
296.2462	0.60311109
296.3692	0.60226160
296.4923	0.63578546
296.6154	0.65037203
296.7385	0.64604753
296.8615	0.63097447
296.9846	0.62901503
297.1077	0.63814312
297.2308	0.61859512
297.3539	0.59986359
297.4769	0.59716022
297.6000	0.58071691
297.7231	0.56953377
297.8462	0.54797149
297.9692	0.56849134
298.0923	0.58416808
298.2154	0.56915408
298.3385	0.56760675
298.4615	0.57884103
298.5846	0.62847930
298.7077	0.63322735
298.8308	0.61982590
298.9539	0.62428516
299.0769	0.64346218
299.2000	0.65322572
299.3231	0.63251251
299.4462	0.61646456
299.5692	0.62228984
299.6923	0.60637271
299.8154	0.58147603
299.9385	0.56810266
300.0615	0.57127547
300.1846	0.58311778
300.3077	0.55741316
300.4308	0.55453295
300.5538	0.57186741
300.6769	0.59553945
300.8000	0.61322361
300.9231	0.60123259
301.0461	0.62216347
301.1692	0.63209641
301.2923	0.63885325
301.4154	0.64452064
301.5385	0.63825357
301.6615	0.63922453
301.7846	0.60820258
301.9077	0.59685421
302.0308	0.59838694
302.1538	0.59494203
302.2769	0.57432562
302.4000	0.55288476
302.5231	0.55498421
302.6461	0.57867754
302.7692	0.57904863
302.8923	0.58001310
303.0154	0.59253699
303.1385	0.60827607
303.2615	0.63147819
303.3846	0.61672473
303.5077	0.64309126
303.6308	0.64602005
303.7538	0.64452767
303.8769	0.62039262
304.0000	0.60424256
304.1231	0.62074888
304.2462	0.60553682
304.3692	0.58344340
304.4923	0.55836475
304.6154	0.56202716
304.7385	0.57326078
304.8615	0.57435495
304.9846	0.56825191
305.1077	0.58707237
305.2308	0.59281147
305.3539	0.61201668
305.4769	0.61685890
305.6000	0.63771254
305.7231	0.65060163
305.8462	0.62919623
305.9692	0.62609059
306.0923	0.62353432
306.2154	0.63337022
306.3385	0.61297017
306.4615	0.57804543
306.5846	0.57362115
306.7077	0.57514995
306.8308	0.57289410
306.9539	0.56681204
307.0769	0.55907261
307.2000	0.58848804
307.3231	0.58750051
307.4462	0.59851706
307.5692	0.60812545
307.6923	0.63466942
307.8154	0.64817750
307.9385	0.62915349
308.0615	0.62081861
308.1846	0.63347977
308.3077	0.63839632
308.4308	0.61836803
308.5538	0.58659124
308.6769	0.57114530
308.8000	0.58707929
308.9231	0.56899697
309.0461	0.57449174
309.1692	0.55667049
309.2923	0.57826096
309.4154	0.58589506
309.5385	0.59217083
309.6615	0.61682796
309.7846	0.62512904
309.9077	0.63780302
310.0308	0.62489080
310.1538	0.63029200
310.2769	0.64122450
310.4000	0.63556284
310.5231	0.60852408
310.6461	0.59373420
310.7692	0.58257538
310.8923	0.58768487
311.0154	0.56784326
311.1385	0.56328475
311.2615	0.57292312
311.3846	0.57388920
311.5077	0.58498192
311.6308	0.58477694
311.7538	0.61695403
311.8769	0.63838005
312.0000	0.62629730
312.1231	0.62318444
312.2462	0.62332940
312.3692	0.65272337
312.4923	0.63857263
312.6154	0.60083967
312.7385	0.58457339
312.8615	0.58586717
312.9846	0.59381121
313.1077	0.57260215
313.2308	0.55448073
313.3539	0.56791240
313.4769	0.58314669
313.6000	0.58855116
313.7231	0.59429264
313.8462	0.60679621
313.9692	0.64065093
314.0923	0.63105828
314.2154	0.62336242
314.3385	0.62792867
314.4615	0.63946635
314.5846	0.63999242
314.7077	0.59639674
314.8308	0.58027726
314.9539	0.58474189
315.0769	0.58538437
315.2000	0.57854342
315.3231	0.55309260
315.4462	0.56967914
315.5692	0.58592570
315.6923	0.59426963
315.8154	0.60343111
315.9385	0.61442143
316.0615	0.63810945
316.1846	0.63350886
316.3077	0.62134397
316.4308	0.62950516
316.5538	0.64055830
316.6769	0.62356037
316.8000	0.59279901
316.9231	0.56442124
317.0461	0.59047234
317.1692	0.58493656
317.2923	0.57261062
317.4154	0.55470669
317.5385	0.56645465
317.6615	0.60751039
317.7846	0.60327417
317.9077	0.60885304
318.0308	0.61508071
318.1538	0.64125836
318.2769	0.64416134
318.4000	0.62005854
318.5231	0.61728448
318.6461	0.62936968
318.7692	0.61762023
318.8923	0.58510339
319.0154	0.55728281
319.1385	0.57247007
319.2615	0.59471303
319.3846	0.57428646
319.5077	0.56249654
319.6308	0.56828004
319.7538	0.61203885
319.8769	0.63404745
320.0000	0.61375314
320.1231	0.62263578
320.2462	0.62750226
320.3692	0.64833248
320.4923	0.62607175
320.6154	0.60661101
320.7385	0.60833013
320.8615	0.59701115
320.9846	0.58008510
321.1077	0.55975997
321.2308	0.56691623
321.3539	0.58772737
321.4769	0.58432961
321.6000	0.57340091
321.7231	0.59176970
321.8462	0.61689109
321.9692	0.64599538
322.0923	0.62574279
322.2154	0.62193370
322.3385	0.63041526
322.4615	0.62974197
322.5846	0.62108552
322.7077	0.59252781
322.8308	0.58936071
322.9539	0.58553809
323.0769	0.56513226
323.2000	0.56601703
323.3231	0.57057631
323.4462	0.59573269
323.5692	0.59723842
323.6923	0.58618391
323.8154	0.61110735
323.9385	0.63469142
324.0615	0.65330535
324.1846	0.62743932
324.3077	0.60964489
324.4308	0.61761194
324.5538	0.62512672
324.6769	0.60107392
324.8000	0.57859695
324.9231	0.56077749
325.0461	0.58084476
325.1692	0.57670844
325.2923	0.57078034
325.4154	0.58532488
325.5385	0.59642369
325.6615	0.62748629
325.7846	0.60949165
325.9077	0.62216216
326.0308	0.63614368
326.1538	0.64621502
326.2769	0.62936848
326.4000	0.59451646
326.5231	0.59116268
326.6461	0.60107946
326.7692	0.59299505
326.8923	0.56876761
327.0154	0.55564332
327.1385	0.56689572
327.2615	0.60131210
327.3846	0.59786326
327.5077	0.60607284
327.6308	0.60815424
327.7538	0.62796664
327.8769	0.64309603
328.0000	0.62492752
328.1231	0.62954849
328.2462	0.61431623
328.3692	0.60799152
328.4923	0.58765626
328.6154	0.57135499
328.7385	0.57953620
328.8615	0.57958740
328.9846	0.57426035
329.1077	0.57385004
329.2308	0.58255613
329.3539	0.61659861
329.4769	0.62909967
329.6000	0.62336498
329.7231	0.62354636
329.8462	0.62344396
329.9692	0.63685352
330.0923	0.62233567
330.2154	0.59952515
330.3385	0.59034550
330.4615	0.57679194
330.5846	0.57723159
330.7077	0.57215416
330.8308	0.57108164
330.9539	0.59253621
331.0769	0.58749211
331.2000	0.60530210
331.3231	0.61034560
331.4462	0.63381362
331.5692	0.64591539
331.6923	0.62452269
331.8154	0.61419594
331.9385	0.60759127
332.0615	0.61504823
332.1846	0.60161060
332.3077	0.57349598
332.4308	0.55856436
332.5538	0.57521665
332.6769	0.58142161
332.8000	0.59617269
332.9231	0.58476180
333.0461	0.60500866
333.1692	0.62606406
333.2923	0.62743342
333.4154	0.63520801
333.5385	0.61943138
333.6615	0.63291800
333.7846	0.61426926
333.9077	0.59086996
334.0308	0.58013886
334.1538	0.57888120
334.2769	0.58777630
334.4000	0.57520324
334.5231	0.56297600
334.6461	0.58132100
334.7692	0.61068594
334.8923	0.62868714
335.0154	0.62455904
335.1385	0.60788763
335.2615	0.62872034
335.3846	0.63756567
335.5077	0.62899500
335.6308	0.60365361
335.7538	0.57419008
335.8769	0.58754498
336.0000	0.58065319
336.1231	0.57841700
336.2462	0.57096684
336.3692	0.57471585
336.4923	0.60440236
336.6154	0.60882121
336.7385	0.61617702
336.8615	0.62312520
336.9846	0.63446814
337.1077	0.63906872
337.2308	0.61626130
337.3539	0.59628737
337.4769	0.60088336
337.6000	0.59723973
337.7231	0.58781272
337.8462	0.56090152
337.9692	0.55622411
338.0923	0.59119475
338.2154	0.60484630
338.3385	0.61239147
338.4615	0.59730959
338.5846	0.61075681
338.7077	0.64472026
338.8308	0.64047068
338.9539	0.62590647
339.0769	0.59762591
339.2000	0.59600270
339.3231	0.60219145
339.4462	0.58126152
339.5692	0.57095450
339.6923	0.56719971
339.8154	0.58270997
339.9385	0.59732872
340.0615	0.59444910
340.1846	0.60784209
340.3077	0.62989920
340.4308	0.63664782
340.5538	0.63030821
340.6769	0.60891628
340.8000	0.61018592
340.9231	0.62070006
341.0461	0.59367245
341.1692	0.57957697
341.2923	0.55159724
341.4154	0.57873529
341.5385	0.59575611
341.6615	0.59423774
341.7846	0.59388047
341.9077	0.59365523
342.0308	0.63150990
342.1538	0.64182627
342.2769	0.63406962
342.4000	0.61151278
342.5231	0.60985208
342.6461	0.60300153
342.7692	0.60436636
342.8923	0.57024753
343.0154	0.57438457
343.1385	0.57348287
343.2615	0.58474505
343.3846	0.59298491
343.5077	0.58768499
343.6308	0.62265640
343.7538	0.62977374
343.8769	0.63339579
344.0000	0.61568975
344.1231	0.61244732
344.2462	0.62473905
344.3692	0.61623865
344.4923	0.58013165
344.6154	0.56574351
344.7385	0.56465769
344.8615	0.59648848
344.9846	0.59273368
345.1077	0.58145463
345.2308	0.59092879
345.3539	0.61606085
345.4769	0.64233416
345.6000	0.63483584
345.7231	0.61309552
345.8462	0.61676019
345.9692	0.61233068
346.0923	0.60248429
346.2154	0.58569264
346.3385	0.56565827
346.4615	0.58622301
346.5846	0.57391155
346.7077	0.58738029
346.8308	0.58850038
346.9539	0.61158818
347.0769	0.63190907
347.2000	0.62553072
347.3231	0.61891502
347.4462	0.61874706
347.5692	0.62225729
347.6923	0.61664021
347.8154	0.59069395
347.9385	0.56616378
348.0615	0.57518554
348.1846	0.57664537
348.3077	0.59705812
348.4308	0.58814853
348.5538	0.59038579
348.6769	0.61177254
348.8000	0.62424195
348.9231	0.64540625
349.0461	0.62470102
349.1692	0.61003745
349.2923	0.60594791
349.4154	0.59857041
349.5385	0.59878212
349.6615	0.57470787
349.7846	0.56738383
349.9077	0.57659310
350.0308	0.59091830
350.1538	0.60091430
350.2769	0.60852849
350.4000	0.61343819
350.5231	0.63672030
350.6461	0.62696981
350.7692	0.61739290
350.8923	0.61121833
351.0154	0.60243225
351.1385	0.60675824
351.2615	0.57014626
351.3846	0.56645560
351.5077	0.57314199
351.6308	0.59464836
351.7538	0.60735744
351.8769	0.59542120
352.0000	0.60325694
352.1231	0.62785023
352.2462	0.63995051
352.3692	0.63527846
352.4923	0.60503149
352.6154	0.59154546
352.7385	0.59707761
352.8615	0.58892339
352.9846	0.58505768
353.1077	0.56967050
353.2308	0.57135177
353.3539	0.59507132
353.4769	0.60712123
353.6000	0.62476063
353.7231	0.62199318
353.8462	0.61719543
353.9692	0.62956446
354.0923	0.61562860
354.2154	0.61536276
354.3385	0.58888930
354.4615	0.57877535
354.5846	0.58107698
354.7077	0.57698619
354.8308	0.58245456
354.9539	0.58572417
355.0769	0.60369372
355.2000	0.62392902
355.3231	0.62385279
355.4462	0.61459798
355.5692	0.62544841
355.6923	0.62250501
355.8154	0.62340724
355.9385	0.58321279
356.0615	0.56633246
356.1846	0.58097428
356.3077	0.58806312
356.4308	0.59874368
356.5538	0.57259250
356.6769	0.58810538
356.8000	0.62127143
356.9231	0.64133054
357.0461	0.63566291
357.1692	0.60697639
357.2923	0.60339296
357.4154	0.61454117
357.5385	0.60628510
357.6615	0.58393651
357.7846	0.56796503
357.9077	0.56537247
358.0308	0.59436071
358.1538	0.59696317
358.2769	0.60750812
358.4000	0.61224937
358.5231	0.61617446
358.6461	0.63653994
358.7692	0.62047493
358.8923	0.61832285
359.0154	0.59986812
359.1385	0.58882797
359.2615	0.58643234
359.3846	0.57550573
359.5077	0.57657397
359.6308	0.58410180
359.7538	0.59524637
359.8769	0.61553776
360.0000	0.61800355
360.1231	0.61550677
360.2462	0.62749732
360.3692	0.62429625
360.4923	0.62495553
360.6154	0.59340239
360.7385	0.57216740
360.8615	0.58055317
360.9846	0.58722711
361.1077	0.59471178
361.2308	0.57958657
361.3539	0.57681364
361.4769	0.61713308
361.6000	0.63643843
361.7231	0.64266336
361.8462	0.60975164
361.9692	0.59517008
362.0923	0.61438829
362.2154	0.61249059
362.3385	0.59601808
362.4615	0.56077534
362.5846	0.56056243
362.7077	0.58901942
362.8308	0.61530387
362.9539	0.60418457
363.0769	0.60784125
363.2000	0.60426581
363.3231	0.64159662
363.4462	0.63362712
363.5692	0.61039281
363.6923	0.59410703
363.8154	0.57768404
363.9385	0.59777749
364.0615	0.57872891
364.1846	0.57792711
364.3077	0.57765681
364.4308	0.60170215
364.5538	0.61902463
364.6769	0.62616992
364.8000	0.61149687
364.9231	0.62401032
365.0461	0.62174875
365.1692	0.61713946
365.2923	0.59435368
365.4154	0.56605315
365.5385	0.58081895
365.6615	0.58491230
365.7846	0.59662265
365.9077	0.59031457
366.0308	0.58786708
366.1538	0.61804485
366.2769	0.63772970
366.4000	0.63657629
366.5231	0.61682218
366.6461	0.58705914
366.7692	0.60108238
366.8923	0.60048425
367.0154	0.59354573
367.1385	0.57084054
367.2615	0.56198919
367.3846	0.58804095
367.5077	0.62168992
367.6308	0.62430519
367.7538	0.61903715
367.8769	0.60411495
368.0000	0.61888218
368.1231	0.63338232
368.2462	0.60754651
368.3692	0.59023535
368.4923	0.55952233
368.6154	0.57823211
368.7385	0.59437853
368.8615	0.59602100
368.9846	0.59781587
369.1077	0.59678870
369.2308	0.61958575
369.3539	0.63807929
369.4769	0.62692034
369.6000	0.61266166
369.7231	0.59538245
369.8462	0.59021717
369.9692	0.59242326
370.0923	0.57921326
370.2154	0.57695013
370.3385	0.58560359
370.4615	0.59315562
370.5846	0.62136686
370.7077	0.61669707
370.8308	0.62453014
370.9539	0.62278211
371.0769	0.61282396
371.2000	0.61529088
371.3231	0.58723432
371.4462	0.58362925
371.5692	0.57428712
371.6923	0.58240533
371.8154	0.59290373
371.9385	0.59941214
372.0615	0.59959275
372.1846	0.61933404
372.3077	0.62702167
372.4308	0.63501632
372.5538	0.61659890
372.6769	0.58751333
372.8000	0.59473985
372.9231	0.58719289
373.0461	0.59654456
373.1692	0.57594454
373.2923	0.56779331
373.4154	0.59581816
373.5385	0.62021619
373.6615	0.63847339
373.7846	0.62008345
373.9077	0.60029197
374.0308	0.61105704
374.1538	0.61939466
374.2769	0.60926181
374.4000	0.58131617
374.5231	0.55412734
374.6461	0.57496905
374.7692	0.60439318
374.8923	0.61509377
375.0154	0.61212641
375.1385	0.59366274
375.2615	0.61838734
375.3846	0.63853127
375.5077	0.62953925
375.6308	0.60400897
375.7538	0.56682777
375.8769	0.57587260
376.0000	0.59401906
376.1231	0.59324706
376.2462	0.59285259
376.3692	0.58058929
376.4923	0.60799438
376.6154	0.63186502
376.7385	0.63581830
376.8615	0.62150377
376.9846	0.60089058
377.1077	0.59075505
377.2308	0.59779108
377.3539	0.58814001
377.4769	0.58233106
377.6000	0.57978690
377.7231	0.57622921
377.8462	0.61575115
377.9692	0.61619467
378.0923	0.63602769
378.2154	0.61373502
378.3385	0.60884023
378.4615	0.61182749
378.5846	0.60470986
378.7077	0.59238005
378.8308	0.57299423
378.9539	0.57015723
379.0769	0.58838189
379.2000	0.60920697
379.3231	0.60516274
379.4462	0.61873782
379.5692	0.60980350
379.6923	0.63300401
379.8154	0.62030858
379.9385	0.60256255
380.0615	0.59055305
380.1846	0.57608569
380.3077	0.58503437
380.4308	0.58783144
380.5538	0.58737534
380.6769	0.60105962
380.8000	0.60429871
380.9231	0.62406600
381.0461	0.63339281
381.1692	0.61929768
381.2923	0.60762346
381.4154	0.58880204
381.5385	0.59114408
381.6615	0.59566492
381.7846	0.58136553
381.9077	0.57345432
382.0308	0.58589488
382.1538	0.60791147
382.2769	0.64178109
382.4000	0.61866206
382.5231	0.60902822
382.6461	0.60492849
382.7692	0.61233008
382.8923	0.61705512
383.0154	0.57883614
383.1385	0.56517124
383.2615	0.57280499
383.3846	0.59760964
383.5077	0.61903119
383.6308	0.61204290
383.7538	0.60564131
383.8769	0.61697811
384.0000	0.62296480
384.1231	0.62473094
384.2462	0.60486388
384.3692	0.57344973
384.4923	0.57612902
384.6154	0.57521492
384.7385	0.59912628
384.8615	0.60876095
384.9846	0.59781063
385.1077	0.61162740
385.2308	0.61037165
385.3539	0.63633358
385.4769	0.62799299
385.6000	0.60145283
385.7231	0.57693493
385.8462	0.57187420
385.9692	0.58612299
386.0923	0.60533434
386.2154	0.59450316
386.3385	0.58770818
386.4615	0.60212487
386.5846	0.62161446
386.7077	0.65270728
386.8308	0.61900020
386.9539	0.59262401
387.0769	0.57629162
387.2000	0.58490682
387.3231	0.60770750
387.4462	0.58897573
387.5692	0.57568878
387.6923	0.58319438
387.8154	0.61024141
387.9385	0.64366609
388.0615	0.63454568
388.1846	0.60663861
388.3077	0.59454310
388.4308	0.59110820
388.5538	0.60168469
388.6769	0.59759057
388.8000	0.57419008
388.9231	0.57714486
389.0461	0.58459580
389.1692	0.61824030
389.2923	0.64144838
389.4154	0.62175137
389.5385	0.61029911
389.6615	0.59174800
389.7846	0.60399765
389.9077	0.61158383
390.0308	0.58612162
390.1538	0.57133555
390.2769	0.56779253
390.4000	0.59600759
390.5231	0.62877077
390.6461	0.62757665
390.7692	0.61474878
390.8923	0.60669005
391.0154	0.60350704
391.1385	0.61550134
391.2615	0.60393476
391.3846	0.57986122
391.5077	0.57335699
391.6308	0.56403333
391.7538	0.60759819
391.8769	0.62426150
392.0000	0.62635761
392.1231	0.61099613
392.2462	0.59462088
392.3692	0.61932087
392.4923	0.62321806
392.6154	0.60378462
392.7385	0.56782401
392.8615	0.56007898
392.9846	0.58242786
393.1077	0.62339914
393.2308	0.61349982
393.3539	0.61063039
393.4769	0.60219979
393.6000	0.61509472
393.7231	0.63403445
393.8462	0.60657442
393.9692	0.59374392
394.0923	0.56768000
394.2154	0.57148570
394.3385	0.59265602
394.4615	0.60689777
394.5846	0.61619776
394.7077	0.61111522
394.8308	0.60215116
394.9539	0.61990684
395.0769	0.62653375
395.2000	0.61460835
395.3231	0.58965009
395.4462	0.55857408
395.5692	0.57517469
395.6923	0.60024089
395.8154	0.61258036
395.9385	0.61367625
396.0615	0.59502387
396.1846	0.60886502
396.3077	0.63087475
396.4308	0.62575543
396.5538	0.61332285
396.6769	0.56951535
396.8000	0.56577170
396.9231	0.58456910
397.0461	0.60388875
397.1692	0.61522186
397.2923	0.59842181
397.4154	0.59725374
397.5385	0.61864740
397.6615	0.63528156
397.7846	0.62367237
397.9077	0.59938848
398.0308	0.56142712
398.1538	0.58045602
398.2769	0.58700615
398.4000	0.60618299
398.5231	0.60861909
398.6461	0.59371758
398.7692	0.61294615
398.8923	0.61595768
399.0154	0.63294202
399.1385	0.61990720
399.2615	0.59202349
399.3846	0.56736845
399.5077	0.57397139
399.6308	0.58890659
399.7538	0.61792409
399.8769	0.60593390
400.0000	0.59361249
400.1231	0.60722435
400.2462	0.62050539
400.3692	0.64451015
400.4923	0.61094517
400.6154	0.57561868
400.7385	0.56752700
400.8615	0.57723486
400.9846	0.60843611
401.1077	0.60973722
401.2308	0.59640247
401.3539	0.60195106
401.4769	0.61028242
401.6000	0.63233882
401.7231	0.63035989
401.8462	0.59997112
401.9692	0.57637179
402.0923	0.56845689
402.2154	0.58041638
402.3385	0.61268312
402.4615	0.60623026
402.5846	0.60476744
402.7077	0.60111231
402.8308	0.61015326
402.9539	0.63891476
403.0769	0.61866617
403.2000	0.59689981
403.3231	0.56968534
403.4462	0.56721365
403.5692	0.59381837
403.6923	0.60838413
403.8154	0.61021268
403.9385	0.60842276
404.0615	0.60149682
404.1846	0.61668599
404.3077	0.62888491
404.4308	0.61386305
404.5538	0.59572119
404.6769	0.56321466
404.8000	0.56698185
404.9231	0.60080248
405.0461	0.61200374
405.1692	0.62270707
405.2923	0.59796154
405.4154	0.60229027
405.5385	0.62522924
405.6615	0.62325221
405.7846	0.60966969
405.9077	0.57490170
406.0308	0.56812572
406.1538	0.58358771
406.2769	0.60235143
406.4000	0.60707396
406.5231	0.62157577
406.6461	0.60914814
406.7692	0.61725962
406.8923	0.60859025
407.0154	0.60369784
407.1385	0.61099815
407.2615	0.57926399
407.3846	0.57658219
407.5077	0.57113338
407.6308	0.60201412
407.7538	0.62929714
407.8769	0.62568289
408.0000	0.60670978
408.1231	0.60506380
408.2462	0.60506099
408.3692	0.61205387
408.4923	0.59440339
408.6154	0.57196188
408.7385	0.58409846
408.8615	0.58546174
408.9846	0.61078691
409.1077	0.61983311
409.2308	0.62206244
409.3539	0.62397563
409.4769	0.60377395
409.6000	0.58981299
409.7231	0.59517080
409.8462	0.58698308
409.9692	0.59765345
410.0923	0.58286071
410.2154	0.58726722
410.3385	0.60987508
410.4615	0.62534368
410.5846	0.63341391
410.7077	0.61748654
410.8308	0.59188640
410.9539	0.58261526
411.0769	0.58679771
411.2000	0.58719099
411.3231	0.60945773
411.4462	0.58540630
411.5692	0.60177594
411.6923	0.60358441
411.8154	0.62682790
411.9385	0.63751578
412.0615	0.60937726
412.1846	0.58680594
412.3077	0.57076812
412.4308	0.57988322
412.5538	0.59817380
412.6769	0.61164141
412.8000	0.59996957
412.9231	0.60928100
413.0461	0.60029608
413.1692	0.62389916
413.2923	0.62790954
413.4154	0.60702336
413.5385	0.58704287
413.6615	0.55893570
413.7846	0.57489043
413.9077	0.60901016
414.0308	0.62024069
414.1538	0.62220395
414.2769	0.59877104
414.4000	0.59934270
414.5231	0.61819863
414.6461	0.61961466
414.7692	0.60347772
414.8923	0.57755327
415.0154	0.55982667
415.1385	0.58555049
415.2615	0.61340636
415.3846	0.62678820
415.5077	0.63002467
415.6308	0.59764463
415.7538	0.60388803
415.8769	0.60119665
416.0000	0.60363722
416.1231	0.59939873
416.2462	0.57855272
416.3692	0.57817918
416.4923	0.59228384
416.6154	0.60813522
416.7385	0.63465238
416.8615	0.62939376
416.9846	0.60983419
417.1077	0.59250122
417.2308	0.58009827
417.3539	0.59175181
417.4769	0.60273206
417.6000	0.58852065
417.7231	0.59385073
417.8462	0.59475607
417.9692	0.61572838
418.0923	0.63634461
418.2154	0.61350155
418.3385	0.61197203
418.4615	0.58390170
418.5846	0.58233804
418.7077	0.57891321
418.8308	0.58946121
418.9539	0.60555023
419.0769	0.62376630
419.2000	0.60875261
419.3231	0.60715669
419.4462	0.60704112
419.5692	0.61069429
419.6923	0.62039661
419.8154	0.58082306
419.9385	0.57348144
420.0615	0.57052332
420.1846	0.59703392
420.3077	0.63012272
420.4308	0.62866032
420.5538	0.61575305
420.6769	0.60110849
420.8000	0.58924198
420.9231	0.60190237
421.0461	0.60240191
421.1692	0.59203279
421.2923	0.58490288
421.4154	0.57833147
421.5385	0.59796691
421.6615	0.63289583
421.7846	0.63194793
421.9077	0.62887639
422.0308	0.58881158
422.1538	0.57207823
422.2769	0.58519101
422.4000	0.59370506
422.5231	0.61273003
422.6461	0.59865654
422.7692	0.58988971
422.8923	0.60388601
423.0154	0.62387979
423.1385	0.63058400
423.2615	0.61867899
423.3846	0.57916784
423.5077	0.57415986
423.6308	0.57825345
423.7538	0.59241086
423.8769	0.61433381
424.0000	0.61475074
424.1231	0.61568481
424.2462	0.61562395
424.3692	0.59638244
424.4923	0.60957652
424.6154	0.59729499
424.7385	0.59477144
424.8615	0.58723336
424.9846	0.57531667
425.1077	0.59496212
425.2308	0.61294478
425.3539	0.63071328
425.4769	0.62792403
425.6000	0.61417627
425.7231	0.58021396
425.8462	0.58786726
425.9692	0.57448369
426.0923	0.60726762
426.2154	0.60555148
426.3385	0.59858537
426.4615	0.60226804
426.5846	0.60045481
426.7077	0.62622547
426.8308	0.62631822
426.9539	0.60891092
427.0769	0.58105707
427.2000	0.56934071
427.3231	0.56856054
427.4462	0.60987800
427.5692	0.62154275
427.6923	0.63066536
427.8154	0.61022824
427.9385	0.58821231
428.0615	0.60154152
428.1846	0.60997832
428.3077	0.60509735
428.4308	0.59163022
428.5538	0.56647962
428.6769	0.58649659
428.8000	0.61194122
428.9231	0.62585610
429.0461	0.63373256
429.1692	0.60958898
429.2923	0.59805697
429.4154	0.58479226
429.5385	0.57852364
429.6615	0.58764809
429.7846	0.60694170
429.9077	0.60413027
430.0308	0.61444169
430.1538	0.59938926
430.2769	0.60905606
430.4000	0.62201041
430.5231	0.60719568
430.6461	0.60403293
430.7692	0.57479751
430.8923	0.57204586
431.0154	0.58800423
431.1385	0.60727674
431.2615	0.63015938
431.3846	0.63189763
431.5077	0.60943532
431.6308	0.59282005
431.7538	0.58433110
431.8769	0.58511186
432.0000	0.61037856
432.1231	0.59814870
432.2462	0.59500170
432.3692	0.58848149
432.4923	0.59567010
432.6154	0.63730013
432.7385	0.63305581
432.8615	0.61466491
432.9846	0.57727301
433.1077	0.56261218
433.2308	0.58261770
433.3539	0.60799891
433.4769	0.61129701
433.6000	0.61858618
433.7231	0.61141348
433.8462	0.60633981
433.9692	0.60810310
434.0923	0.59104323
434.2154	0.60311759
434.3385	0.59765935
434.4615	0.58419448
434.5846	0.58731556
434.7077	0.58886224
434.8308	0.62072301
434.9539	0.63535935
435.0769	0.62003839
435.2000	0.60600859
435.3231	0.58345264
435.4462	0.57357985
435.5692	0.58237028
435.6923	0.59614050
435.8154	0.61797816
435.9385	0.62837064
436.0615	0.59933954
436.1846	0.59881586
436.3077	0.60044181
436.4308	0.61371511
436.5538	0.61706036
436.6769	0.58107072
436.8000	0.57349879
436.9231	0.58006358
437.0461	0.60087526
437.1692	0.63297206
437.2923	0.63254076
437.4154	0.61958897
437.5385	0.59534371
437.6615	0.57249075
437.7846	0.57914686
437.9077	0.60191357
438.0308	0.60294163
438.1538	0.60915250
438.2769	0.60133970
438.4000	0.60400349
438.5231	0.62331796
438.6461	0.60099512
438.7692	0.61061364
438.8923	0.59465498
439.0154	0.59280491
439.1385	0.58042514
439.2615	0.57669961
439.3846	0.59879965
439.5077	0.63690794
439.6308	0.63807172
439.7538	0.61384356
439.8769	0.58940965
440.0000	0.56694973
440.1231	0.59451091
440.2462	0.59005737
440.3692	0.61029500
440.4923	0.61285573
440.6154	0.60389882
440.7385	0.60134459
440.8615	0.60317230
440.9846	0.61241007
441.1077	0.62527412
441.2308	0.59492004
441.3539	0.57112479
441.4769	0.57166308
441.6000	0.58976310
441.7231	0.62662351
441.8462	0.63105369
441.9692	0.61821097
442.0923	0.60953271
442.2154	0.59082025
442.3385	0.57890481
442.4615	0.58813292
442.5846	0.58417803
442.7077	0.61868310
442.8308	0.61211514
442.9539	0.60900754
443.0769	0.60334039
443.2000	0.59871775
443.3231	0.61083227
443.4462	0.61311519
443.5692	0.59810829
443.6923	0.58002210
443.8154	0.57517022
443.9385	0.58152056
444.0615	0.62924677
444.1846	0.63322622
444.3077	0.63108873
444.4308	0.60309011
444.5538	0.57200110
444.6769	0.58118540
444.8000	0.58305186
444.9231	0.60322803
445.0461	0.61783075
445.1692	0.61305147
445.2923	0.60636771
445.4154	0.60203272
445.5385	0.59992331
445.6615	0.61137396
445.7846	0.60543776
445.9077	0.58474791
446.0308	0.59089333
446.1538	0.58212596
446.2769	0.60291946
446.4000	0.61530364
446.5231	0.61903501
446.6461	0.63354528
446.7692	0.60849065
446.8923	0.58024389
447.0154	0.56496203
447.1385	0.57263470
447.2615	0.61012107
447.3846	0.63519180
447.5077	0.62031019
447.6308	0.60701185
447.7538	0.59141183
447.8769	0.59129691
448.0000	0.60755789
448.1231	0.59790897
448.2462	0.59705085
448.3692	0.59495300
448.4923	0.58483022
448.6154	0.60856324
448.7385	0.61247516
448.8615	0.62384719
448.9846	0.62120265
449.1077	0.59679639
449.2308	0.58342183
449.3539	0.57396793
449.4769	0.57757878
449.6000	0.60453683
449.7231	0.62928826
449.8462	0.62906498
449.9692	0.62558031
450.0923	0.58635062
450.2154	0.57820404
450.3385	0.58473659
450.4615	0.59103358
450.5846	0.61877179
450.7077	0.60752070
450.8308	0.60224426
450.9539	0.59847641
451.0769	0.60042584
451.2000	0.61634541
451.3231	0.61896223
451.4462	0.59770179
451.5692	0.58158767
451.6923	0.57862157
451.8154	0.58214676
451.9385	0.61956763
452.0615	0.61745995
452.1846	0.63012916
452.3077	0.61833233
452.4308	0.59182829
452.5538	0.58248186
452.6769	0.56766647
452.8000	0.58433867
452.9231	0.61460125
453.0461	0.63036013
453.1692	0.62416101
453.2923	0.60751522
453.4154	0.57934678
453.5385	0.59212321
453.6615	0.60156918
453.7846	0.60467368
453.9077	0.60534716
454.0308	0.58641911
454.1538	0.59199023
454.2769	0.61067736
454.4000	0.61184937
454.5231	0.62583029
454.6461	0.60931218
454.7692	0.59426266
454.8923	0.58464563
455.0154	0.56999850
455.1385	0.58664078
455.2615	0.61432332
455.3846	0.63019037
455.5077	0.63065344
455.6308	0.61424148
455.7538	0.58196753
455.8769	0.58290231
456.0000	0.57099324
456.1231	0.59137994
456.2462	0.62293845
456.3692	0.62286532
456.4923	0.62250930
456.6154	0.58934885
456.7385	0.58539921
456.8615	0.60381073
456.9846	0.61136210
457.1077	0.60108578
457.2308	0.59015930
457.3539	0.58544648
457.4769	0.60009784
457.6000	0.61754185
457.7231	0.60476983
457.8462	0.62478620
457.9692	0.60749692
458.0923	0.60168898
458.2154	0.58105922
458.3385	0.56384414
458.4615	0.58935165
458.5846	0.61723989
458.7077	0.63546288
458.8308	0.63201749
458.9539	0.60880595
459.0769	0.57706785
459.2000	0.57818633
459.3231	0.57178652
459.4462	0.60538381
459.5692	0.62332928
459.6923	0.61964858
459.8154	0.61173004
459.9385	0.59630406
460.0615	0.59020710
460.1846	0.60616332
460.3077	0.59271353
460.4308	0.60105383
460.5538	0.60062754
460.6769	0.59624583
460.8000	0.60376483
460.9231	0.59912962
461.0461	0.60865474
461.1692	0.61930227
461.2923	0.61720514
461.4154	0.59237468
461.5385	0.58710486
461.6615	0.56056690
461.7846	0.59679544
461.9077	0.61395776
462.0308	0.63660961
462.1538	0.63602567
462.2769	0.60031241
462.4000	0.57868445
462.5231	0.57182473
462.6461	0.58062428
462.7692	0.60201281
462.8923	0.62085152
463.0154	0.61782038
463.1385	0.62751293
463.2615	0.60349739
463.3846	0.58485162
463.5077	0.58221155
463.6308	0.58199847
463.7538	0.61036766
463.8769	0.62143290
464.0000	0.60296410
464.1231	0.60353553
464.2462	0.58908474
464.3692	0.60675216
464.4923	0.61289382
464.6154	0.60815722
464.7385	0.59452224
464.8615	0.59344202
464.9846	0.57974219
465.1077	0.59764504
465.2308	0.60961658
465.3539	0.61825943
465.4769	0.63405502
465.6000	0.60168684
465.7231	0.59182936
465.8462	0.57475466
465.9692	0.57478714
466.0923	0.59335589
466.2154	0.61708856
466.3385	0.62866962
466.4615	0.64075762
466.5846	0.60487437
466.7077	0.57617295
466.8308	0.56563377
466.9539	0.57749176
467.0769	0.61134368
467.2000	0.63011897
467.3231	0.61398900
467.4462	0.61525553
467.5692	0.59759557
467.6923	0.59116733
467.8154	0.59355181
467.9385	0.58000451
468.0615	0.60700601
468.1846	0.61266351
468.3077	0.61521351
468.4308	0.59982497
468.5538	0.59557813
468.6769	0.59130222
468.8000	0.61763507
468.9231	0.60802257
469.0461	0.60084110
469.1692	0.59477466
469.2923	0.57546878
469.4154	0.60085815
469.5385	0.60479575
469.6615	0.62194324
469.7846	0.62566012
469.9077	0.60858929
470.0308	0.58919573
470.1538	0.57950699
470.2769	0.57369596
470.4000	0.59304130
470.5231	0.61923403
470.6461	0.62308806
470.7692	0.63700408
470.8923	0.60891801
471.0154	0.58316791
471.1385	0.57105958
471.2615	0.56469911
471.3846	0.60083628
471.5077	0.63085091
471.6308	0.63292402
471.7538	0.62239420
471.8769	0.59349275
472.0000	0.57901180
472.1231	0.58775634
472.2462	0.58580673
472.3692	0.59778655
472.4923	0.61653519
472.6154	0.62033916
472.7385	0.61978221
472.8615	0.60137892
472.9846	0.57501215
473.1077	0.59523439
473.2308	0.59678018
473.3539	0.61313629
473.4769	0.61108953
473.6000	0.59369254
473.7231	0.59835798
473.8462	0.59919429
473.9692	0.60570329
474.0923	0.61094105
474.2154	0.61176580
474.3385	0.59192419
474.4615	0.60050941
474.5846	0.58186769
474.7077	0.59466529
474.8308	0.60678756
474.9539	0.60833156
475.0769	0.62830549
475.2000	0.61545646
475.3231	0.59778297
475.4462	0.57984090
475.5692	0.56926632
475.6923	0.58432174
475.8154	0.61919898
475.9385	0.62998199
476.0615	0.63144839
476.1846	0.61466813
476.3077	0.57870030
476.4308	0.57751822
476.5538	0.57271570
476.6769	0.59016299
476.8000	0.62213492
476.9231	0.62390304
477.0461	0.63282061
477.1692	0.61457968
477.2923	0.58492392
477.4154	0.56867927
477.5385	0.57126373
477.6615	0.59166557
477.7846	0.63255912
477.9077	0.63321507
478.0308	0.61496460
478.1538	0.60154253
478.2769	0.57993102
478.4000	0.58774388
478.5231	0.59059733
478.6461	0.58934230
478.7692	0.61774039
478.8923	0.62169826
479.0154	0.61783683
479.1385	0.60313195
479.2615	0.58014500
479.3846	0.58649462
479.5077	0.60103977
479.6308	0.60721874
479.7538	0.61003435
479.8769	0.61059850
480.0000	0.59051102
480.1231	0.60580021
480.2462	0.59402680
480.3692	0.60409683
480.4923	0.61116660
480.6154	0.59797931
480.7385	0.60410959
480.8615	0.59571779
480.9846	0.59304130
481.1077	0.59775972
481.2308	0.60634291
481.3539	0.60710382
481.4769	0.62206078
481.6000	0.60620838
481.7231	0.59165281
481.8462	0.58724493
481.9692	0.57279646
482.0923	0.60327500
482.2154	0.62018973
482.3385	0.62586564
482.4615	0.62203836
482.5846	0.59349614
482.7077	0.58352286
482.8308	0.58485800
482.9539	0.58400089
483.0769	0.59240520
483.2000	0.62022454
483.3231	0.62758434
483.4462	0.63803226
483.5692	0.60260600
483.6923	0.56481344
483.8154	0.56972349
483.9385	0.58218688
484.0615	0.61092204
484.1846	0.62980872
484.3077	0.62189364
484.4308	0.62437475
484.5538	0.60569918
484.6769	0.57376128
484.8000	0.56847674
484.9231	0.57674420
485.0461	0.60519135
485.1692	0.63352108
485.2923	0.63445175
485.4154	0.61632216
485.5385	0.60773730
485.6615	0.56383556
485.7846	0.57234001
485.9077	0.58025563
486.0308	0.61004901
486.1538	0.63671619
486.2769	0.62447166
486.4000	0.61316544
486.5231	0.59869349
486.6461	0.58521438
486.7692	0.56734759
486.8923	0.58691949
487.0154	0.59419930
487.1385	0.64018059
487.2615	0.63475645
487.3846	0.60849500
487.5077	0.59308201
487.6308	0.57399505
487.7538	0.58215779
487.8769	0.59534776
488.0000	0.60349882
488.1231	0.61919236
488.2462	0.62816799
488.3692	0.60791779
488.4923	0.60050189
488.6154	0.58371031
488.7385	0.57586336
488.8615	0.59399635
488.9846	0.60604936
489.1077	0.62170547
489.2308	0.63025433
489.3539	0.59657502
489.4769	0.59173799
489.6000	0.58773118
489.7231	0.59157032
489.8462	0.60288447
489.9692	0.59960634
490.0923	0.60779285
490.2154	0.62221640
490.3385	0.61262804
490.4615	0.58906966
490.5846	0.58968681
490.7077	0.58270335
490.8308	0.60877717
490.9539	0.61368698
491.0769	0.60238636
491.2000	0.61365372
491.3231	0.59967995
491.4462	0.59612918
491.5692	0.59418923
491.6923	0.59418827
491.8154	0.60325563
491.9385	0.61215323
492.0615	0.60176301
492.1846	0.60471344
492.3077	0.60979450
492.4308	0.58997941
492.5538	0.59789449
492.6769	0.58940083
492.8000	0.60575688
492.9231	0.62318933
493.0461	0.60274935
493.1692	0.59564042
493.2923	0.59325576
493.4154	0.59909302
493.5385	0.60519797
493.6615	0.60336035
493.7846	0.59164321
493.9077	0.61210352
494.0308	0.61434549
494.1538	0.60033178
494.2769	0.59827137
494.4000	0.58008409
494.5231	0.60062951
494.6461	0.61249053
494.7692	0.60726196
494.8923	0.60857558
495.0154	0.60270160
495.1385	0.59603679
495.2615	0.60087454
495.3846	0.59448302
495.5077	0.59244835
495.6308	0.60792655
495.7538	0.60505468
495.8769	0.61101818
496.0000	0.61372364
496.1231	0.59276336
496.2462	0.59425259
496.3692	0.59178668
496.4923	0.59187841
496.6154	0.61490071
496.7385	0.60695934
496.8615	0.60923290
496.9846	0.60512090
497.1077	0.59949338
497.2308	0.59378374
497.3539	0.59977376
497.4769	0.58880430
497.6000	0.60097277
497.7231	0.61373264
497.8462	0.60503644
497.9692	0.62195283
498.0923	0.59232229
498.2154	0.59112334
498.3385	0.59153789
498.4615	0.59898996
498.5846	0.60507059
498.7077	0.60969126
498.8308	0.59996879
498.9539	0.60736030
499.0769	0.61640698
499.2000	0.59218597
499.3231	0.59617406
499.4462	0.58242613
499.5692	0.59887505
499.6923	0.61749357
499.8154	0.60943174
499.9385	0.60267919
500.0615	0.60516876
500.1846	0.59749848
500.3077	0.60322475
500.4308	0.59534955
500.5538	0.58733535
500.6769	0.60244668
500.8000	0.60986078
500.9231	0.60836089
501.0461	0.61415517
501.1692	0.59999049
501.2923	0.59267110
501.4154	0.60159194
501.5385	0.58577424
501.6615	0.60587776
501.7846	0.60228747
501.9077	0.60404986
502.0308	0.60991722
502.1538	0.61148942
502.2769	0.60292649
502.4000	0.59978068
502.5231	0.58765018
502.6461	0.58371508
502.7692	0.61014783
502.8923	0.60175747
503.0154	0.61626172
503.1385	0.61025047
503.2615	0.60078919
503.3846	0.60690737
503.5077	0.59443903
503.6308	0.58582085
503.7538	0.59038258
503.8769	0.59826523
504.0000	0.60923809
