# TMM+ASM Intensity at z=40, theta=20.0 deg
# Wavelength: 520 nm, CG: 550um n=1.52
# AR: SiO2(34.6)/TiO2(25.9)/SiO2(20.7)/TiO2(169.5) nm
# Columns: x_um	intensity
# N_points: 4096
0.0000	0.63616741
0.1231	0.60930395
0.2462	0.60946304
0.3692	0.60466444
0.4923	0.58362120
0.6154	0.60492414
0.7385	0.61090589
0.8615	0.62214094
0.9846	0.67581451
1.1077	0.69954044
1.2308	0.67879647
1.3538	0.64629352
1.4769	0.63928938
1.6000	0.62538797
1.7231	0.60966790
1.8462	0.60770798
1.9692	0.58600736
2.0923	0.59402758
2.2154	0.60886586
2.3385	0.60933506
2.4615	0.65206122
2.5846	0.70006996
2.7077	0.68436146
2.8308	0.65788352
2.9538	0.65097868
3.0769	0.63263494
3.2000	0.61822653
3.3231	0.61243248
3.4462	0.60213262
3.5692	0.57879484
3.6923	0.59107482
3.8154	0.61193049
3.9385	0.62705714
4.0615	0.68158579
4.1846	0.68317246
4.3077	0.67245966
4.4308	0.66795206
4.5538	0.63618815
4.6769	0.63048202
4.8000	0.62841898
4.9231	0.61929154
5.0462	0.57466727
5.1692	0.57039124
5.2923	0.60989732
5.4154	0.61051041
5.5385	0.64545596
5.6615	0.67899811
5.7846	0.67880452
5.9077	0.67376119
6.0308	0.65095770
6.1538	0.64374411
6.2769	0.64891398
6.4000	0.63489920
6.5231	0.58986646
6.6462	0.56577605
6.7692	0.59094536
6.8923	0.59985739
7.0154	0.61261719
7.1385	0.66188395
7.2615	0.67188251
7.3846	0.66249335
7.5077	0.66851366
7.6308	0.66239226
7.7538	0.66032147
7.8769	0.65602666
8.0000	0.62190896
8.1231	0.58071911
8.2462	0.57402593
8.3692	0.58706576
8.4923	0.59833181
8.6154	0.62845278
8.7385	0.65193939
8.8615	0.64334404
8.9846	0.66240108
9.1077	0.68230802
9.2308	0.66464043
9.3538	0.67737818
9.4769	0.66050589
9.6000	0.61090255
9.7231	0.58253843
9.8462	0.57796282
9.9692	0.59817249
10.0923	0.59786445
10.2154	0.62379146
10.3385	0.62105381
10.4615	0.62861538
10.5846	0.67994505
10.7077	0.66985065
10.8308	0.68460280
10.9538	0.68830854
11.0769	0.65339494
11.2000	0.61286891
11.3231	0.59117258
11.4462	0.60670066
11.5692	0.59194070
11.6923	0.60109842
11.8154	0.59606761
11.9385	0.59239179
12.0615	0.63741124
12.1846	0.66675830
12.3077	0.67491710
12.4308	0.68717265
12.5538	0.69143367
12.6769	0.64664036
12.8000	0.62916279
12.9231	0.62825954
13.0462	0.61494529
13.1692	0.60387868
13.2923	0.58194941
13.4154	0.57394427
13.5385	0.58105326
13.6615	0.63804615
13.7846	0.65169185
13.9077	0.65683419
14.0308	0.69270945
14.1538	0.66850615
14.2769	0.66094756
14.4000	0.66162664
14.5231	0.65878367
14.6462	0.63368684
14.7692	0.59931707
14.8923	0.58218157
15.0154	0.56110096
15.1385	0.59129393
15.2615	0.62023962
15.3846	0.62197518
15.5077	0.64418548
15.6308	0.65798056
15.7538	0.65640438
15.8769	0.68485856
16.0000	0.69590074
16.1231	0.66707194
16.2462	0.64808112
16.3692	0.62139380
16.4923	0.59212655
16.6154	0.57158178
16.7385	0.60490292
16.8615	0.60790735
16.9846	0.58146900
17.1077	0.60898846
17.2308	0.62366664
17.3538	0.66367608
17.4769	0.68604410
17.6000	0.68400395
17.7231	0.68495458
17.8462	0.66737139
17.9692	0.64548439
18.0923	0.61219132
18.2154	0.62975657
18.3385	0.62101799
18.4615	0.57022852
18.5846	0.56427753
18.7077	0.58928096
18.8308	0.60612613
18.9538	0.62924618
19.0769	0.66845465
19.2000	0.66235220
19.3231	0.67030251
19.4462	0.67668861
19.5692	0.67395455
19.6923	0.67475861
19.8154	0.65722370
19.9385	0.63282311
20.0615	0.57887810
20.1846	0.58258176
20.3077	0.58346558
20.4308	0.58297777
20.5538	0.62083799
20.6769	0.60432827
20.8000	0.61508375
20.9231	0.64748770
21.0462	0.67948031
21.1692	0.68865037
21.2923	0.68474138
21.4154	0.69439495
21.5385	0.64644456
21.6615	0.62318003
21.7846	0.62899768
21.9077	0.60659885
22.0308	0.59991729
22.1538	0.58467108
22.2769	0.56207103
22.4000	0.57897717
22.5231	0.62328833
22.6462	0.64792275
22.7692	0.65167773
22.8923	0.67333013
23.0154	0.68276519
23.1385	0.66734850
23.2615	0.67834687
23.3846	0.68072087
23.5077	0.65248913
23.6308	0.62739825
23.7538	0.58934355
23.8769	0.56537569
24.0000	0.59029400
24.1231	0.60246694
24.2462	0.58758003
24.3692	0.59830910
24.4923	0.62527978
24.6154	0.64328146
24.7385	0.65755385
24.8615	0.70120442
24.9846	0.70117503
25.1077	0.66938263
25.2308	0.67024791
25.3538	0.63850290
25.4769	0.63188410
25.6000	0.63238859
25.7231	0.60017681
25.8462	0.57307363
25.9692	0.55958807
26.0923	0.58624136
26.2154	0.59544504
26.3385	0.62578976
26.4615	0.65297502
26.5846	0.64073634
26.7077	0.66941023
26.8308	0.68469453
26.9538	0.68197912
27.0769	0.69424963
27.2000	0.68495643
27.3231	0.63938439
27.4462	0.60173953
27.5692	0.60442877
27.6923	0.60279000
27.8154	0.58348155
27.9385	0.58474052
28.0615	0.57863331
28.1846	0.57673514
28.3077	0.62402827
28.4308	0.64894044
28.5538	0.65951681
28.6769	0.68821812
28.8000	0.68805176
28.9231	0.67033386
29.0462	0.66792983
29.1692	0.68660259
29.2923	0.66672504
29.4154	0.62201649
29.5385	0.59701490
29.6615	0.57442361
29.7846	0.57765675
29.9077	0.59550089
30.0308	0.58163011
30.1538	0.58914512
30.2769	0.62152499
30.4000	0.62176591
30.5231	0.64240241
30.6462	0.68773818
30.7692	0.71146637
30.8923	0.68531960
31.0154	0.66315031
31.1385	0.67732769
31.2615	0.65108216
31.3846	0.64637423
31.5077	0.63171238
31.6308	0.58069092
31.7538	0.57369274
31.8769	0.56858927
32.0000	0.57784534
32.1231	0.59228790
32.2462	0.61509913
32.3692	0.62721676
32.4923	0.62170488
32.6154	0.66415834
32.7385	0.68520832
32.8615	0.69306594
32.9846	0.71217901
33.1077	0.67985553
33.2308	0.64520782
33.3538	0.64643812
33.4769	0.64692312
33.6000	0.61565590
33.7231	0.58724844
33.8462	0.57853663
33.9692	0.56332761
34.0923	0.56663483
34.2154	0.59617198
34.3385	0.61225641
34.4615	0.62911397
34.5846	0.65299773
34.7077	0.64465165
34.8308	0.66447055
34.9538	0.71934664
35.0769	0.71047866
35.2000	0.67374027
35.3231	0.65885919
35.4462	0.65693802
35.5692	0.63190430
35.6923	0.60476422
35.8154	0.61309689
35.9385	0.57941502
36.0615	0.56099653
36.1846	0.56706321
36.3077	0.56967109
36.4308	0.61820936
36.5538	0.63334173
36.6769	0.63256127
36.8000	0.64358002
36.9231	0.67284852
37.0462	0.70206499
37.1692	0.69015479
37.2923	0.70934486
37.4154	0.68431425
37.5385	0.63697779
37.6615	0.64468604
37.7846	0.63334221
37.9077	0.60493040
38.0308	0.58775401
38.1538	0.58108497
38.2769	0.55682898
38.4000	0.55436826
38.5231	0.59944183
38.6462	0.62261170
38.7692	0.62135756
38.8923	0.63451868
39.0154	0.65622360
39.1385	0.67599100
39.2615	0.70811242
39.3846	0.70399523
39.5077	0.68671429
39.6308	0.68487096
39.7538	0.65269262
39.8769	0.63413137
40.0000	0.63155544
40.1231	0.62394649
40.2462	0.58264768
40.3692	0.54974705
40.4923	0.57196623
40.6154	0.56862330
40.7385	0.58768433
40.8615	0.61988598
40.9846	0.60798061
41.1077	0.62248105
41.2308	0.65912157
41.3538	0.69027513
41.4769	0.69081616
41.6000	0.70009661
41.7231	0.71247494
41.8462	0.66818219
41.9692	0.65346539
42.0923	0.67165405
42.2154	0.64857960
42.3385	0.61503726
42.4615	0.58136100
42.5846	0.56112283
42.7077	0.57264900
42.8308	0.57883912
42.9538	0.57805341
43.0769	0.58174741
43.2000	0.60468745
43.3231	0.61952376
43.4462	0.62308949
43.5692	0.68444705
43.6923	0.70789897
43.8154	0.68102133
43.9385	0.68859631
44.0615	0.69451481
44.1846	0.68880475
44.3077	0.67798543
44.4308	0.67372668
44.5538	0.63130009
44.6769	0.58554155
44.8000	0.59169906
44.9231	0.59027922
45.0462	0.57060844
45.1692	0.56839693
45.2923	0.57265425
45.4154	0.56536186
45.5385	0.59488559
45.6615	0.62112421
45.7846	0.64668530
45.9077	0.67731094
46.0308	0.66947168
46.1538	0.67499310
46.2769	0.68875092
46.4000	0.73234355
46.5231	0.70771968
46.6462	0.65922034
46.7692	0.67411411
46.8923	0.63751042
47.0154	0.61972016
47.1385	0.60997242
47.2615	0.59681863
47.3846	0.57480031
47.5077	0.54556042
47.6308	0.56341815
47.7538	0.56358808
47.8769	0.59698582
48.0000	0.62126791
48.1231	0.60303372
48.2462	0.62334669
48.3692	0.66883135
48.4923	0.69369310
48.6154	0.69302905
48.7385	0.71078408
48.8615	0.70386553
48.9846	0.68147039
49.1077	0.68063295
49.2308	0.68548560
49.3538	0.66067255
49.4769	0.62351590
49.6000	0.60701460
49.7231	0.56983805
49.8462	0.57066572
49.9692	0.58657515
50.0923	0.56497312
50.2154	0.55978310
50.3385	0.56397676
50.4615	0.58586174
50.5846	0.60932571
50.7077	0.64281070
50.8308	0.66716176
50.9538	0.65314323
51.0769	0.68299311
51.2000	0.70754182
51.3231	0.69604588
51.4462	0.71924412
51.5692	0.71546149
51.6923	0.67442846
51.8154	0.64424837
51.9385	0.64886427
52.0615	0.65265745
52.1846	0.60336077
52.3077	0.58192366
52.4308	0.56804866
52.5538	0.54779482
52.6769	0.56697583
52.8000	0.57147259
52.9231	0.57094193
53.0462	0.58718431
53.1692	0.60063702
53.2923	0.61094040
53.4154	0.64202815
53.5385	0.69291854
53.6615	0.69857013
53.7846	0.67566156
53.9077	0.69703603
54.0308	0.71700633
54.1538	0.70790726
54.2769	0.70915872
54.4000	0.68201894
54.5231	0.64685023
54.6462	0.63447917
54.7692	0.62321830
54.8923	0.60398012
55.0154	0.58327430
55.1385	0.57574636
55.2615	0.54833198
55.3846	0.53368849
55.5077	0.57262945
55.6308	0.58891642
55.7538	0.57956225
55.8769	0.60082656
56.0000	0.61396569
56.1231	0.63671631
56.2462	0.67621022
56.3692	0.70024800
56.4923	0.70233673
56.6154	0.68707651
56.7385	0.71675575
56.8615	0.71235919
56.9846	0.69540966
57.1077	0.71352804
57.2308	0.67067611
57.3538	0.63635516
57.4769	0.61843979
57.6000	0.61592168
57.7231	0.60424316
57.8462	0.57282287
57.9692	0.56266123
58.0923	0.53454006
58.2154	0.54770339
58.3385	0.57890242
58.4615	0.57399887
58.5846	0.57737887
58.7077	0.60485983
58.8308	0.62060273
58.9538	0.63283610
59.0769	0.67709756
59.2000	0.70392239
59.3231	0.70096534
59.4462	0.69266224
59.5692	0.71052200
59.6923	0.71899831
59.8154	0.71799314
59.9385	0.71735215
60.0615	0.66291207
60.1846	0.64224958
60.3077	0.65244329
60.4308	0.62724555
60.5538	0.59586161
60.6769	0.58091617
60.8000	0.57178354
60.9231	0.54011738
61.0462	0.53451407
61.1692	0.57442218
61.2923	0.56956869
61.4154	0.55899161
61.5385	0.57943010
61.6615	0.59015393
61.7846	0.63255787
61.9077	0.65942156
62.0308	0.67335844
62.1538	0.67930984
62.2769	0.68540365
62.4000	0.72338355
62.5231	0.71446979
62.6462	0.73252589
62.7692	0.72874403
62.8923	0.68519306
63.0154	0.68243647
63.1385	0.67755413
63.2615	0.66511214
63.3846	0.62976569
63.5077	0.61682063
63.6308	0.58281279
63.7538	0.55017799
63.8769	0.56693625
64.0000	0.57618600
64.1231	0.54568529
64.2462	0.52249968
64.3692	0.56222492
64.4923	0.56477064
64.6154	0.58055466
64.7385	0.61011100
64.8615	0.62573779
64.9846	0.64199591
65.1077	0.64174557
65.2308	0.69198805
65.3538	0.70712972
65.4769	0.72745836
65.6000	0.72751182
65.7231	0.69333303
65.8462	0.72292441
65.9692	0.73418289
66.0923	0.71445662
66.2154	0.68019056
66.3385	0.66650355
66.4615	0.64957994
66.5846	0.61693251
66.7077	0.61245352
66.8308	0.60579318
66.9538	0.56452453
67.0769	0.53967810
67.2000	0.54921430
67.3231	0.53592712
67.4462	0.55356503
67.5692	0.56220299
67.6923	0.55127096
67.8154	0.55389059
67.9385	0.58443952
68.0615	0.63636279
68.1846	0.62745571
68.3077	0.65342009
68.4308	0.67716759
68.5538	0.67682493
68.6769	0.70726603
68.8000	0.73363829
68.9231	0.74112892
69.0462	0.71979427
69.1692	0.72284943
69.2923	0.71666837
69.4154	0.70830607
69.5385	0.70952320
69.6615	0.69071472
69.7846	0.64124006
69.9077	0.61114150
70.0308	0.63046426
70.1538	0.59890521
70.2769	0.57732159
70.4000	0.55920982
70.5231	0.53613454
70.6462	0.53576666
70.7692	0.53330123
70.8923	0.55648822
71.0154	0.54104805
71.1385	0.55355805
71.2615	0.57271302
71.3846	0.56525981
71.5077	0.61701500
71.6308	0.65280527
71.7538	0.65324831
71.8769	0.64994079
72.0000	0.68088454
72.1231	0.72714800
72.2462	0.72295749
72.3692	0.73326439
72.4923	0.74305528
72.6154	0.72097015
72.7385	0.72642624
72.8615	0.73681903
72.9846	0.72018713
73.1077	0.69732964
73.2308	0.67681527
73.3538	0.64746416
73.4769	0.62516916
73.6000	0.63042611
73.7231	0.61531317
73.8462	0.56203449
73.9692	0.53652120
74.0923	0.55546260
74.2154	0.54273438
74.3385	0.52917022
74.4615	0.54041785
74.5846	0.52796352
74.7077	0.53258741
74.8308	0.54692501
74.9538	0.58144426
75.0769	0.59669876
75.2000	0.60129410
75.3231	0.63227969
75.4462	0.62940592
75.5692	0.67282599
75.6923	0.71469957
75.8154	0.70977515
75.9385	0.71610457
76.0615	0.72101045
76.1846	0.74554360
76.3077	0.74997228
76.4308	0.75504589
76.5538	0.74902862
76.6769	0.70759445
76.8000	0.70784110
76.9231	0.72049367
77.0462	0.68538249
77.1692	0.65672576
77.2923	0.65021861
77.4154	0.61480838
77.5385	0.57960075
77.6615	0.58137065
77.7846	0.59254527
77.9077	0.54540682
78.0308	0.50523353
78.1538	0.52925611
78.2769	0.53320980
78.4000	0.52555394
78.5231	0.53005850
78.6462	0.53345883
78.7692	0.53975886
78.8923	0.55513078
79.0154	0.58330530
79.1385	0.60724264
79.2615	0.62412578
79.3846	0.64126259
79.5077	0.64614487
79.6308	0.67208833
79.7538	0.73090965
79.8769	0.72813052
80.0000	0.71849853
80.1231	0.73798984
80.2462	0.74901855
80.3692	0.76453829
80.4923	0.75823593
80.6154	0.76415354
80.7385	0.73449224
80.8615	0.70859253
80.9846	0.73517740
81.1077	0.70851368
81.2308	0.67878538
81.3538	0.66468382
81.4769	0.63458019
81.6000	0.60625327
81.7231	0.59370208
81.8462	0.60262746
81.9692	0.56495559
82.0923	0.51839852
82.2154	0.52795035
82.3385	0.52947408
82.4615	0.51614368
82.5846	0.52006876
82.7077	0.51491809
82.8308	0.50585663
82.9538	0.51826841
83.0769	0.55001688
83.2000	0.56231183
83.3231	0.56510150
83.4462	0.59076107
83.5692	0.60726857
83.6923	0.61499333
83.8154	0.66253716
83.9385	0.69893229
84.0615	0.68604720
84.1846	0.69694412
84.3077	0.72275704
84.4308	0.75813830
84.5538	0.76764780
84.6769	0.75954211
84.8000	0.76898235
84.9231	0.75090587
85.0462	0.77641970
85.1692	0.77631772
85.2923	0.74564493
85.4154	0.75107300
85.5385	0.71851027
85.6615	0.69945258
85.7846	0.68756264
85.9077	0.69147390
86.0308	0.66511244
86.1538	0.59703577
86.2769	0.59870881
86.4000	0.60160327
86.5231	0.57113820
86.6462	0.54775894
86.7692	0.53613186
86.8923	0.51409507
87.0154	0.49791706
87.1385	0.51206362
87.2615	0.51426816
87.3846	0.49506140
87.5077	0.49170327
87.6308	0.51178062
87.7538	0.50911105
87.8769	0.52893102
88.0000	0.56598234
88.1231	0.55765206
88.2462	0.56031489
88.3692	0.59123540
88.4923	0.63568366
88.6154	0.65263563
88.7385	0.65557897
88.8615	0.68573689
88.9846	0.69315189
89.1077	0.71697378
89.2308	0.76237679
89.3538	0.75793743
89.4769	0.76081848
89.6000	0.77140099
89.7231	0.78178477
89.8462	0.79437238
89.9692	0.79210269
90.0923	0.80602705
90.2154	0.77141976
90.3385	0.74857610
90.4615	0.77838290
90.5846	0.76645976
90.7077	0.73764694
90.8308	0.70748043
90.9538	0.68915546
91.0769	0.67894453
91.2000	0.66343343
91.3231	0.64865637
91.4462	0.61013126
91.5692	0.57861298
91.6923	0.57717586
91.8154	0.55861306
91.9385	0.53076941
92.0615	0.53556061
92.1846	0.51339179
92.3077	0.47611538
92.4308	0.47724068
92.5538	0.50317442
92.6769	0.49917969
92.8000	0.45947134
92.9231	0.47337157
93.0462	0.49749160
93.1692	0.49287450
93.2923	0.51037830
93.4154	0.53041118
93.5385	0.53203619
93.6615	0.53925961
93.7846	0.56787324
93.9077	0.60371685
94.0308	0.61801940
94.1538	0.62963307
94.2769	0.65583897
94.4000	0.65727270
94.5231	0.70078969
94.6462	0.74158007
94.7692	0.73279780
94.8923	0.74777979
95.0154	0.75471604
95.1385	0.79369134
95.2615	0.80415559
95.3846	0.81009835
95.5077	0.82456434
95.6308	0.79172093
95.7538	0.82074553
95.8769	0.83846712
96.0000	0.82377833
96.1231	0.80701923
96.2462	0.80133367
96.3692	0.79871380
96.4923	0.76768857
96.6154	0.77960491
96.7385	0.77606106
96.8615	0.72900742
96.9846	0.68438333
97.1077	0.70283097
97.2308	0.70584100
97.3538	0.64638495
97.4769	0.62932664
97.6000	0.60647929
97.7231	0.59347892
97.8462	0.56819731
97.9692	0.55693895
98.0923	0.54945570
98.2154	0.49705780
98.3385	0.49913764
98.4615	0.48759782
98.5846	0.47593516
98.7077	0.47877452
98.8308	0.45616573
98.9538	0.44262993
99.0769	0.43349171
99.2000	0.46169072
99.3231	0.46611544
99.4462	0.44111544
99.5692	0.45200175
99.6923	0.46759319
99.8154	0.47294015
99.9385	0.49277490
100.0615	0.51396370
100.1846	0.51423144
100.3077	0.52181298
100.4308	0.54913503
100.5538	0.58386374
100.6769	0.59330225
100.8000	0.61485636
100.9231	0.64007580
101.0462	0.63396358
101.1692	0.67370218
101.2923	0.72390294
101.4154	0.72927713
101.5385	0.72188437
101.6615	0.74490845
101.7846	0.79364824
101.9077	0.80240417
102.0308	0.80804038
102.1538	0.83772421
102.2769	0.83429492
102.4000	0.83219957
102.5231	0.87471157
102.6462	0.88757992
102.7692	0.87410331
102.8923	0.86905408
103.0154	0.87642831
103.1385	0.89116561
103.2615	0.87688017
103.3846	0.89658833
103.5077	0.87820458
103.6308	0.83020413
103.7538	0.85853165
103.8769	0.86630654
104.0000	0.84473425
104.1231	0.80266279
104.2462	0.79068804
104.3692	0.80208212
104.4923	0.76308328
104.6154	0.75633639
104.7385	0.74378932
104.8615	0.70333606
104.9846	0.67926317
105.1077	0.67090410
105.2308	0.66290599
105.3538	0.63435590
105.4769	0.60454726
105.6000	0.57488990
105.7231	0.56009990
105.8462	0.55566311
105.9692	0.54617780
106.0923	0.50047344
106.2154	0.47012323
106.3385	0.48452798
106.4615	0.46491295
106.5846	0.44241667
106.7077	0.43310991
106.8308	0.42325890
106.9538	0.40354162
107.0769	0.38539830
107.2000	0.40913898
107.3231	0.40119934
107.4462	0.36987299
107.5692	0.37507120
107.6923	0.37825301
107.8154	0.38241631
107.9385	0.38847226
108.0615	0.38982987
108.1846	0.38830987
108.3077	0.37881362
108.4308	0.41212076
108.5538	0.43230212
108.6769	0.41907707
108.8000	0.43693066
108.9231	0.44686335
109.0462	0.46388501
109.1692	0.48181248
109.2923	0.50776243
109.4154	0.52414107
109.5385	0.51701164
109.6615	0.54857481
109.7846	0.58004516
109.9077	0.59844869
110.0308	0.61793590
110.1538	0.63952070
110.2769	0.64063478
110.4000	0.66728145
110.5231	0.72496265
110.6462	0.73533064
110.7692	0.73183370
110.8923	0.74220484
111.0154	0.80663180
111.1385	0.81977564
111.2615	0.81296229
111.3846	0.86836350
111.5077	0.86804974
111.6308	0.87674326
111.7538	0.89860594
111.8769	0.94898456
112.0000	0.96818131
112.1231	0.92886209
112.2462	0.96904248
112.3692	1.00335765
112.4923	1.01398540
112.6154	1.02778220
112.7385	1.02773046
112.8615	1.03079569
112.9846	1.04551029
113.1077	1.07826340
113.2308	1.08740854
113.3538	1.06690466
113.4769	1.06855345
113.6000	1.10068345
113.7231	1.09022653
113.8462	1.09769928
113.9692	1.11795056
114.0923	1.09081364
114.2154	1.07894170
114.3385	1.09290481
114.4615	1.12741315
114.5846	1.10226452
114.7077	1.06083107
114.8308	1.08029187
114.9538	1.08679342
115.0769	1.07320869
115.2000	1.07256603
115.3231	1.05831873
115.4462	1.02836514
115.5692	1.02772725
115.6923	1.03765583
115.8154	1.03301871
115.9385	0.98896122
116.0615	0.97332376
116.1846	0.98854959
116.3077	0.95096368
116.4308	0.95318037
116.5538	0.94824845
116.6769	0.90836149
116.8000	0.88269818
116.9231	0.87382680
117.0462	0.90170777
117.1692	0.85589457
117.2923	0.80617893
117.4154	0.81521142
117.5385	0.80155772
117.6615	0.78607213
117.7846	0.76384407
117.9077	0.74229378
118.0308	0.71919250
118.1538	0.69364876
118.2769	0.69648707
118.4000	0.68076265
118.5231	0.64437741
118.6462	0.62505257
118.7692	0.60903472
118.8923	0.58996475
119.0154	0.58439666
119.1385	0.57038867
119.2615	0.52719897
119.3846	0.50418979
119.5077	0.50526190
119.6308	0.50510257
119.7538	0.46723530
119.8769	0.43065125
120.0000	0.43948919
120.1231	0.41546544
120.2462	0.39664584
120.3692	0.38981020
120.4923	0.36718699
120.6154	0.34920076
120.7385	0.31912014
120.8615	0.32931542
120.9846	0.31777352
121.1077	0.28293175
121.2308	0.27512389
121.3538	0.25588953
121.4769	0.25107694
121.6000	0.24100707
121.7231	0.22819889
121.8462	0.20742977
121.9692	0.18681365
122.0923	0.19082932
122.2154	0.18493921
122.3385	0.16352515
122.4615	0.14862584
122.5846	0.14624083
122.7077	0.13210195
122.8308	0.12354364
122.9538	0.12171656
123.0769	0.11021357
123.2000	0.09515636
123.3231	0.08409877
123.4462	0.09085004
123.5692	0.08110890
123.6923	0.06784567
123.8154	0.06568622
123.9385	0.05612209
124.0615	0.05129698
124.1846	0.05020745
124.3077	0.04940122
124.4308	0.03857572
124.5538	0.02888335
124.6769	0.03366696
124.8000	0.03418215
124.9231	0.02469553
125.0462	0.02382817
125.1692	0.02335671
125.2923	0.01999189
125.4154	0.01757950
125.5385	0.01924454
125.6615	0.02277727
125.7846	0.01728084
125.9077	0.01823956
126.0308	0.01782896
126.1538	0.01946083
126.2769	0.02650340
126.4000	0.02589656
126.5231	0.02353100
126.6462	0.02437142
126.7692	0.03416253
126.8923	0.03759949
127.0154	0.03594559
127.1385	0.04332552
127.2615	0.04865120
127.3846	0.04681305
127.5077	0.05354090
127.6308	0.06798347
127.7538	0.07014693
127.8769	0.06975906
128.0000	0.07482253
128.1231	0.08925371
128.2462	0.09505215
128.3692	0.10071866
128.4923	0.11501344
128.6154	0.10979202
128.7385	0.11858049
128.8615	0.13920356
128.9846	0.15006751
129.1077	0.15233183
129.2308	0.15069690
129.3539	0.17465439
129.4769	0.18631877
129.6000	0.18851808
129.7231	0.21117875
129.8462	0.21435335
129.9692	0.21892501
130.0923	0.23425187
130.2154	0.25677156
130.3385	0.27281401
130.4615	0.26676151
130.5846	0.28447643
130.7077	0.30267316
130.8308	0.31214708
130.9538	0.33683497
131.0769	0.35108250
131.2000	0.34737387
131.3231	0.35690275
131.4462	0.39597088
131.5692	0.41810554
131.6923	0.41134220
131.8154	0.41602439
131.9385	0.45471132
132.0615	0.47024438
132.1846	0.46758816
132.3077	0.50696832
132.4308	0.51887751
132.5538	0.51771915
132.6769	0.53062332
132.8000	0.57038683
132.9231	0.60615253
133.0462	0.57876009
133.1692	0.60031921
133.2923	0.63547909
133.4154	0.64808971
133.5385	0.67495072
133.6615	0.68120158
133.7846	0.69623011
133.9077	0.70223767
134.0308	0.73304617
134.1538	0.77607775
134.2769	0.76326859
134.4000	0.76975757
134.5231	0.80473137
134.6461	0.82121462
134.7692	0.83300519
134.8923	0.85827100
135.0154	0.87880868
135.1385	0.87304056
135.2615	0.87677151
135.3846	0.93102753
135.5077	0.96076810
135.6308	0.93036270
135.7538	0.94087422
135.8769	0.97879350
136.0000	0.99835843
136.1231	1.00871599
136.2462	1.01146555
136.3692	1.02921307
136.4923	1.02737284
136.6154	1.04295182
136.7385	1.08870757
136.8615	1.07454395
136.9846	1.06787097
137.1077	1.08684242
137.2308	1.09842908
137.3539	1.11815190
137.4769	1.11605787
137.6000	1.12796462
137.7231	1.11987412
137.8462	1.10512352
137.9692	1.15487134
138.0923	1.16139579
138.2154	1.13226736
138.3385	1.12633407
138.4615	1.13456309
138.5846	1.16185510
138.7077	1.14726949
138.8308	1.13817537
138.9538	1.13779306
139.0769	1.11498713
139.2000	1.13300920
139.3231	1.14096951
139.4462	1.11703312
139.5692	1.09968662
139.6923	1.09431028
139.8154	1.09377325
139.9385	1.08090901
140.0615	1.07689333
140.1846	1.07164609
140.3077	1.03091252
140.4308	1.00260198
140.5538	1.03900576
140.6769	1.03213489
140.8000	0.96756470
140.9231	0.94606143
141.0462	0.95336616
141.1692	0.96011031
141.2923	0.90430349
141.4154	0.88460588
141.5385	0.89651906
141.6615	0.83858079
141.7846	0.82598484
141.9077	0.82516181
142.0308	0.81154662
142.1538	0.76513553
142.2769	0.71814871
142.4000	0.74592316
142.5231	0.72096336
142.6461	0.67969012
142.7692	0.66115957
142.8923	0.63815838
143.0154	0.62021935
143.1385	0.59855628
143.2615	0.59661937
143.3846	0.56379664
143.5077	0.52358484
143.6308	0.51658821
143.7538	0.52533323
143.8769	0.49662769
144.0000	0.45721164
144.1231	0.45976174
144.2462	0.44509035
144.3692	0.43265656
144.4923	0.41816488
144.6154	0.41438168
144.7385	0.40561536
144.8615	0.36924917
144.9846	0.38926089
145.1077	0.39753723
145.2308	0.37463555
145.3539	0.36127132
145.4769	0.36187124
145.6000	0.38839939
145.7231	0.37908772
145.8462	0.36942786
145.9692	0.38264793
146.0923	0.38675091
146.2154	0.39340109
146.3385	0.41212055
146.4615	0.42147475
146.5846	0.42110169
146.7077	0.43124354
146.8308	0.45398343
146.9538	0.48525888
147.0769	0.48202658
147.2000	0.49547857
147.3231	0.52288419
147.4462	0.53078514
147.5692	0.56558895
147.6923	0.58737737
147.8154	0.59993076
147.9385	0.60095382
148.0615	0.62912256
148.1846	0.68572307
148.3077	0.68989569
148.4308	0.67929196
148.5538	0.70953310
148.6769	0.75664192
148.8000	0.75738966
148.9231	0.77262455
149.0462	0.79512370
149.1692	0.81393820
149.2923	0.81069708
149.4154	0.82068849
149.5385	0.88636416
149.6615	0.85899866
149.7846	0.84690744
149.9077	0.86712980
150.0308	0.89190459
150.1538	0.90780705
150.2769	0.86884856
150.4000	0.89181197
150.5231	0.88437712
150.6461	0.87255144
150.7692	0.89262521
150.8923	0.88417208
151.0154	0.85722148
151.1385	0.82970345
151.2615	0.84745353
151.3846	0.84795719
151.5077	0.81184214
151.6308	0.78152913
151.7538	0.78553218
151.8769	0.76310384
152.0000	0.73195750
152.1231	0.73594737
152.2462	0.70985055
152.3692	0.67264688
152.4923	0.64037371
152.6154	0.64847481
152.7385	0.64599031
152.8615	0.58557051
152.9846	0.56115645
153.1077	0.56498927
153.2308	0.54962379
153.3539	0.52794081
153.4769	0.50355607
153.6000	0.49377441
153.7231	0.48279652
153.8462	0.46093804
153.9692	0.47640690
154.0923	0.46216640
154.2154	0.43549657
154.3385	0.44331557
154.4615	0.44789207
154.5846	0.46191466
154.7077	0.44562316
154.8308	0.44789353
154.9538	0.46825352
155.0769	0.46811825
155.2000	0.49031717
155.3231	0.50692129
155.4462	0.50984174
155.5692	0.51064295
155.6923	0.54849619
155.8154	0.58605325
155.9385	0.58681142
156.0615	0.58429646
156.1846	0.61639851
156.3077	0.67080021
156.4308	0.65917456
156.5538	0.67962366
156.6769	0.71452612
156.8000	0.72210944
156.9231	0.73409635
157.0462	0.74907357
157.1692	0.80689639
157.2923	0.78784043
157.4154	0.76209748
157.5385	0.81015575
157.6615	0.83978701
157.7846	0.82749385
157.9077	0.80160439
158.0308	0.81558090
158.1538	0.83403373
158.2769	0.81194425
158.4000	0.80507529
158.5231	0.81743127
158.6461	0.77762878
158.7692	0.75680047
158.8923	0.76836872
159.0154	0.76190382
159.1385	0.72724688
159.2615	0.67956924
159.3846	0.69161701
159.5077	0.68035537
159.6308	0.63778675
159.7538	0.62473613
159.8769	0.60916501
160.0000	0.57887167
160.1231	0.55256140
160.2462	0.55871093
160.3692	0.55043328
160.4923	0.50778002
160.6154	0.47948989
160.7385	0.50854439
160.8615	0.51248819
160.9846	0.46864563
161.1077	0.46808687
161.2308	0.48142162
161.3539	0.49642327
161.4769	0.48236883
161.6000	0.48547629
161.7231	0.52500868
161.8462	0.50715899
161.9692	0.51815093
162.0923	0.56054682
162.2154	0.58115703
162.3385	0.58184034
162.4615	0.57576811
162.5846	0.63405931
162.7077	0.67162985
162.8308	0.65823638
162.9538	0.67365313
163.0769	0.70412505
163.2000	0.72873104
163.3231	0.73936141
163.4462	0.75818449
163.5692	0.76941144
163.6923	0.76465249
163.8154	0.77202839
163.9385	0.80279231
164.0615	0.80632049
164.1846	0.77012151
164.3077	0.77886873
164.4308	0.78277946
164.5538	0.77283919
164.6769	0.76164377
164.8000	0.73884463
164.9231	0.73650700
165.0462	0.69218332
165.1692	0.68653405
165.2923	0.69865012
165.4154	0.64861566
165.5385	0.61532438
165.6615	0.59559482
165.7846	0.60776287
165.9077	0.58739543
166.0308	0.53546268
166.1538	0.53364283
166.2769	0.53256786
166.4000	0.51698005
166.5231	0.50502074
166.6461	0.50439662
166.7692	0.50187743
166.8923	0.49281198
167.0154	0.49746221
167.1385	0.52563053
167.2615	0.53225183
167.3846	0.51341492
167.5077	0.53964591
167.6308	0.57582319
167.7538	0.59389251
167.8769	0.59831220
168.0000	0.60678762
168.1231	0.64772844
168.2462	0.66681325
168.3692	0.68178326
168.4923	0.71171010
168.6154	0.71212471
168.7385	0.71858126
168.8615	0.75080180
168.9846	0.77106512
169.1077	0.77108014
169.2308	0.74803805
169.3539	0.76006609
169.4769	0.78895360
169.6000	0.75736940
169.7231	0.75033855
169.8462	0.74583817
169.9692	0.72480375
170.0923	0.70779967
170.2154	0.68762475
170.3385	0.69994593
170.4615	0.65660381
170.5846	0.60477895
170.7077	0.61457783
170.8308	0.61706537
170.9538	0.58435541
171.0769	0.53700948
171.2000	0.53456509
171.3231	0.55053473
171.4462	0.52838761
171.5692	0.50345600
171.6923	0.51450336
171.8154	0.52299708
171.9385	0.50718123
172.0615	0.52288747
172.1846	0.54700387
172.3077	0.55507749
172.4308	0.54817402
172.5538	0.56345838
172.6769	0.62966245
172.8000	0.63009876
172.9231	0.61891460
173.0462	0.65367818
173.1692	0.68538678
173.2923	0.71799344
173.4154	0.70310652
173.5385	0.72448754
173.6615	0.74986905
173.7846	0.73336309
173.9077	0.75909454
174.0308	0.76772606
174.1538	0.75535864
174.2769	0.72903419
174.4000	0.72813988
174.5231	0.74904734
174.6461	0.71939600
174.7692	0.67773193
174.8923	0.66844440
175.0154	0.66767597
175.1385	0.63296646
175.2615	0.61384088
175.3846	0.60030794
175.5077	0.57672960
175.6308	0.55245078
175.7538	0.53769988
175.8769	0.56038851
176.0000	0.53318185
176.1231	0.49893618
176.2462	0.52042943
176.3692	0.54322904
176.4923	0.54849118
176.6154	0.52665716
176.7385	0.54095036
176.8615	0.59319228
176.9846	0.59701633
177.1077	0.59858435
177.2308	0.63326603
177.3539	0.65478384
177.4769	0.66869295
177.6000	0.67799145
177.7231	0.71606338
177.8462	0.74282002
177.9692	0.70771700
178.0923	0.72136557
178.2154	0.76162750
178.3385	0.76468700
178.4615	0.73178732
178.5846	0.70773441
178.7077	0.73073119
178.8308	0.72693372
178.9538	0.68740416
179.0769	0.66593862
179.2000	0.66035926
179.3231	0.62982178
179.4462	0.61003494
179.5692	0.60118860
179.6923	0.58374667
179.8154	0.55823988
179.9385	0.52682120
180.0615	0.55091667
180.1846	0.55226570
180.3077	0.52027482
180.4308	0.52349269
180.5538	0.53727573
180.6769	0.56455469
180.8000	0.56383926
180.9231	0.56681842
181.0462	0.60297722
181.1692	0.61313581
181.2923	0.62878573
181.4154	0.66996080
181.5385	0.68257779
181.6615	0.68226796
181.7846	0.69270873
181.9077	0.72972775
182.0308	0.75847065
182.1538	0.71862924
182.2769	0.71555471
182.4000	0.74270046
182.5231	0.73734403
182.6461	0.71207106
182.7692	0.68997908
182.8923	0.69141376
183.0154	0.66483700
183.1385	0.63340449
183.2615	0.62758356
183.3846	0.62544274
183.5077	0.57575268
183.6308	0.54770577
183.7538	0.56690246
183.8769	0.56215841
184.0000	0.54596418
184.1231	0.50849146
184.2462	0.53952789
184.3692	0.57335001
184.4923	0.54959649
184.6154	0.56544697
184.7385	0.57588273
184.8615	0.61715257
184.9846	0.62914324
185.1077	0.63308048
185.2308	0.67877436
185.3539	0.68147069
185.4769	0.68930614
185.6000	0.70755321
185.7231	0.73978853
185.8462	0.73664397
185.9692	0.71107233
186.0923	0.71146941
186.2154	0.73263580
186.3385	0.72788042
186.4615	0.67602408
186.5846	0.66739810
186.7077	0.65634620
186.8308	0.64467472
186.9538	0.62048560
187.0769	0.58618671
187.2000	0.58599621
187.3231	0.55835587
187.4462	0.54898095
187.5692	0.55870950
187.6923	0.54551846
187.8154	0.53759700
187.9385	0.53920442
188.0615	0.56683731
188.1846	0.59462929
188.3077	0.58235347
188.4308	0.59176195
188.5538	0.63854736
188.6769	0.65836346
188.8000	0.67179042
188.9231	0.68103653
189.0462	0.69810027
189.1692	0.71844202
189.2923	0.71041888
189.4154	0.73479021
189.5385	0.73403525
189.6615	0.69797724
189.7846	0.69292897
189.9077	0.70112270
190.0308	0.69436842
190.1538	0.64705020
190.2769	0.61248034
190.4000	0.62077278
190.5231	0.61439019
190.6461	0.57310975
190.7692	0.55516112
190.8923	0.55896926
191.0154	0.54991859
191.1385	0.54838836
191.2615	0.54712349
191.3846	0.56818849
191.5077	0.57461196
191.6308	0.56431413
191.7538	0.61445141
191.8769	0.64107573
192.0000	0.64448535
192.1231	0.64837843
192.2462	0.66570634
192.3692	0.72908825
192.4923	0.71658778
192.6154	0.69515592
192.7385	0.71043295
192.8615	0.72369945
192.9846	0.72619772
193.1077	0.68734556
193.2308	0.67709327
193.3539	0.67303705
193.4769	0.64645988
193.6000	0.61709893
193.7231	0.61264765
193.8462	0.60115576
193.9692	0.56207979
194.0923	0.54965758
194.2154	0.55628902
194.3385	0.57756108
194.4615	0.54891002
194.5846	0.52964532
194.7077	0.58378184
194.8308	0.60736465
194.9538	0.60847032
195.0769	0.60292894
195.2000	0.63733292
195.3231	0.69171852
195.4462	0.67651892
195.5692	0.68467027
195.6923	0.71591443
195.8154	0.71470940
195.9385	0.70613360
196.0615	0.70517051
196.1846	0.71858644
196.3077	0.69842583
196.4308	0.64508903
196.5538	0.64793247
196.6769	0.66026133
196.8000	0.61972463
196.9231	0.57804936
197.0462	0.56748313
197.1692	0.58151066
197.2923	0.56990892
197.4154	0.54270744
197.5385	0.55108559
197.6615	0.57214272
197.7846	0.57143414
197.9077	0.58769500
198.0308	0.61692446
198.1538	0.62553263
198.2769	0.64127731
198.4000	0.65563375
198.5231	0.70077157
198.6461	0.71262574
198.7692	0.68082929
198.8923	0.70456707
199.0154	0.71912456
199.1385	0.71808279
199.2615	0.68917489
199.3846	0.65982431
199.5077	0.67038357
199.6308	0.64610440
199.7538	0.61656630
199.8769	0.60580808
200.0000	0.58478576
200.1231	0.56692052
200.2462	0.55979961
200.3692	0.56204534
200.4923	0.57144749
200.6154	0.55798960
200.7385	0.56027305
200.8615	0.60136855
200.9846	0.62383425
201.1077	0.62858123
201.2308	0.63341212
201.3539	0.66090733
201.4769	0.70300442
201.6000	0.70560837
201.7231	0.68904096
201.8462	0.70329255
201.9692	0.71105820
202.0923	0.69971514
202.2154	0.68757516
202.3385	0.66114229
202.4615	0.65843022
202.5846	0.62437749
202.7077	0.59954131
202.8308	0.61101943
202.9538	0.57804519
203.0769	0.56199467
203.2000	0.54750973
203.3231	0.56505513
203.4462	0.59300810
203.5692	0.56439346
203.6923	0.57296181
203.8154	0.61032641
203.9385	0.64910126
204.0615	0.65348148
204.1846	0.64590448
204.3077	0.67823952
204.4308	0.71062332
204.5538	0.70954585
204.6769	0.68923193
204.8000	0.70704639
204.9231	0.69632554
205.0462	0.67184752
205.1692	0.65969706
205.2923	0.64636683
205.4154	0.64088839
205.5385	0.58363682
205.6615	0.57230264
205.7846	0.59622318
205.9077	0.57501459
206.0308	0.55564576
206.1538	0.54349792
206.2769	0.58166718
206.4000	0.61484814
206.5231	0.59321576
206.6461	0.60553586
206.7692	0.64490610
206.8923	0.67545420
207.0154	0.68383467
207.1385	0.67937803
207.2615	0.69709623
207.3846	0.71166861
207.5077	0.69401127
207.6308	0.68722862
207.7538	0.68729329
207.8769	0.65923756
208.0000	0.63289046
208.1231	0.61285645
208.2462	0.61182529
208.3692	0.60302579
208.4923	0.55822593
208.6154	0.55006713
208.7385	0.57673001
208.8615	0.58728200
208.9846	0.57913768
209.1077	0.56939018
209.2308	0.60855669
209.3539	0.66205907
209.4769	0.65044254
209.6000	0.64879811
209.7231	0.68318963
209.8462	0.70509726
209.9692	0.70903713
210.0923	0.68215948
210.2154	0.69318968
210.3385	0.69744647
210.4615	0.64731228
210.5846	0.63960886
210.7077	0.63777542
210.8308	0.61861545
210.9538	0.57772040
211.0769	0.55379915
211.2000	0.58882564
211.3231	0.58961821
211.4462	0.55511749
211.5692	0.55722225
211.6923	0.60757244
211.8154	0.63682866
211.9385	0.62656438
212.0615	0.63140631
212.1846	0.66809285
212.3077	0.70967591
212.4308	0.68657923
212.5538	0.68750727
212.6769	0.70322275
212.8000	0.68496424
212.9231	0.67783040
213.0462	0.64627361
213.1692	0.65104455
213.2923	0.62776613
213.4154	0.57765687
213.5385	0.58570474
213.6615	0.58444911
213.7846	0.58114183
213.9077	0.56059736
214.0308	0.55639410
214.1538	0.60382378
214.2769	0.62544399
214.4000	0.61907744
214.5231	0.62480414
214.6461	0.66446698
214.7692	0.69692725
214.8923	0.69680548
215.0154	0.67972356
215.1385	0.68606859
215.2615	0.70359665
215.3846	0.67343467
215.5077	0.65763944
215.6308	0.63997793
215.7538	0.61856347
215.8769	0.60577595
216.0000	0.57573378
216.1231	0.58449173
216.2462	0.58170277
216.3692	0.55857396
216.4923	0.57312858
216.6154	0.59686875
216.7385	0.62501669
216.8615	0.62984109
216.9846	0.62184340
217.1077	0.66739362
217.2308	0.70604396
217.3539	0.69256139
217.4769	0.67818600
217.6000	0.67708409
217.7231	0.69875234
217.8462	0.68638450
217.9692	0.63467133
218.0923	0.62261677
218.2154	0.62053704
218.3385	0.60151780
218.4615	0.57840401
218.5846	0.56751984
218.7077	0.57851052
218.8308	0.58213043
218.9538	0.57516092
219.0769	0.60275531
219.2000	0.64146334
219.3231	0.63519710
219.4462	0.64341670
219.5692	0.67449921
219.6923	0.70724648
219.8154	0.70625544
219.9385	0.65692651
220.0615	0.67666352
220.1846	0.69671696
220.3077	0.66095942
220.4308	0.62276888
220.5538	0.59265542
220.6769	0.61244869
220.8000	0.60189009
220.9231	0.56121790
221.0462	0.56594652
221.1692	0.58249921
221.2923	0.59757757
221.4154	0.60346591
221.5385	0.61630374
221.6615	0.64864671
221.7846	0.66643178
221.9077	0.66623354
222.0308	0.68535358
222.1538	0.70692623
222.2769	0.68730801
222.4000	0.66693830
222.5231	0.65685749
222.6461	0.65984833
222.7692	0.64734435
222.8923	0.58855116
223.0154	0.57738078
223.1385	0.59356791
223.2615	0.58889115
223.3846	0.58014876
223.5077	0.55730927
223.6308	0.59548771
223.7538	0.64230335
223.8769	0.63151973
224.0000	0.64136493
224.1231	0.65899587
224.2462	0.69498008
224.3692	0.70167774
224.4923	0.67285663
224.6154	0.68027002
224.7385	0.67785776
224.8615	0.65151262
224.9846	0.62428927
225.1077	0.61756092
225.2308	0.60650468
225.3539	0.58156472
225.4769	0.56247932
225.6000	0.57584769
225.7231	0.60995829
225.8462	0.59047133
225.9692	0.59145892
226.0923	0.63154221
226.2154	0.66793489
226.3385	0.68826252
226.4615	0.65190226
226.5846	0.67159361
226.7077	0.71179116
226.8308	0.69211519
226.9538	0.66073561
227.0769	0.62789983
227.2000	0.63725257
227.3231	0.63385183
227.4462	0.58794367
227.5692	0.56951141
227.6923	0.58240008
227.8154	0.58769125
227.9385	0.58561647
228.0615	0.59240317
228.1846	0.61898971
228.3077	0.65216476
228.4308	0.64393044
228.5538	0.66095787
228.6769	0.70039183
228.8000	0.69548941
228.9231	0.67323250
229.0462	0.65483487
229.1692	0.67255926
229.2923	0.66753608
229.4154	0.61036271
229.5385	0.57776922
229.6615	0.59863377
229.7846	0.60226786
229.9077	0.57828653
230.0308	0.56710351
230.1538	0.58098054
230.2769	0.63769197
230.4000	0.63552290
230.5231	0.63438088
230.6461	0.66430795
230.7692	0.67365295
230.8923	0.70609951
231.0154	0.67679524
231.1385	0.66949981
231.2615	0.66842765
231.3846	0.64346558
231.5077	0.63151687
231.6308	0.60107505
231.7538	0.59743071
231.8769	0.58347076
232.0000	0.57825649
232.1231	0.57515311
232.2462	0.60140026
232.3692	0.62475860
232.4923	0.61182976
232.6154	0.64374900
232.7385	0.66420931
232.8615	0.70383978
232.9846	0.68188763
233.1077	0.64829111
233.2308	0.68850863
233.3539	0.67934817
233.4769	0.65136063
233.6000	0.60132706
233.7231	0.59372455
233.8462	0.61635238
233.9692	0.59064543
234.0923	0.56562561
234.2154	0.57759166
234.3385	0.60596400
234.4615	0.62094313
234.5846	0.63621825
234.7077	0.64189607
234.8308	0.67070448
234.9538	0.68278074
235.0769	0.68037522
235.2000	0.68902367
235.3231	0.66576624
235.4462	0.65150928
235.5692	0.63713992
235.6923	0.61779475
235.8154	0.60249758
235.9385	0.58969200
236.0615	0.57664025
236.1846	0.58251679
236.3077	0.59287065
236.4308	0.60761076
236.5538	0.63852304
236.6769	0.62487441
236.8000	0.65556908
236.9231	0.69161755
237.0462	0.68892276
237.1692	0.67862284
237.2923	0.64650571
237.4154	0.67206883
237.5385	0.66758448
237.6615	0.61499578
237.7846	0.58536166
237.9077	0.58870882
238.0308	0.60331601
238.1538	0.59140646
238.2769	0.57353276
238.4000	0.58895367
238.5231	0.63875830
238.6461	0.64998966
238.7692	0.65152258
238.8923	0.66295105
239.0154	0.67758501
239.1385	0.69703019
239.2615	0.67232978
239.3846	0.65107030
239.5077	0.64789522
239.6308	0.62797987
239.7538	0.60325640
239.8769	0.59092546
240.0000	0.58100569
240.1231	0.59675783
240.2462	0.58759755
240.3692	0.58619773
240.4923	0.63779032
240.6154	0.64780235
240.7385	0.66047078
240.8615	0.65373147
240.9846	0.67444766
241.1077	0.71174508
241.2308	0.67011839
241.3539	0.63807982
241.4769	0.62742126
241.6000	0.64214969
241.7231	0.61864793
241.8462	0.57635313
241.9692	0.56355482
242.0923	0.59283155
242.2154	0.62449777
242.3385	0.59778321
242.4615	0.61310011
242.5846	0.64036191
242.7077	0.68230999
242.8308	0.69242394
242.9538	0.65190482
243.0769	0.67531300
243.2000	0.67655051
243.3231	0.65718347
243.4462	0.62796640
243.5692	0.60011381
243.6923	0.60665363
243.8154	0.59448695
243.9385	0.57468319
244.0615	0.58957207
244.1846	0.61021590
244.3077	0.61734563
244.4308	0.63534081
244.5538	0.65130705
244.6769	0.68101239
244.8000	0.68596619
244.9231	0.66342998
245.0462	0.66502672
245.1692	0.66610622
245.2923	0.64663202
245.4154	0.61685288
245.5385	0.59013110
245.6615	0.58490926
245.7846	0.60421824
245.9077	0.59172308
246.0308	0.58881217
246.1538	0.60678953
246.2769	0.63169169
246.4000	0.67925650
246.5231	0.66335034
246.6461	0.65456551
246.7692	0.67785478
246.8923	0.68390155
247.0154	0.67504478
247.1385	0.62566942
247.2615	0.60148650
247.3846	0.61752123
247.5077	0.60999978
247.6308	0.58033317
247.7538	0.57363862
247.8769	0.59265548
248.0000	0.63514966
248.1231	0.64293909
248.2462	0.63064033
248.3692	0.66261703
248.4923	0.68720293
248.6154	0.68564987
248.7385	0.66273737
248.8615	0.64865005
248.9846	0.64498609
249.1077	0.63001245
249.2308	0.59234214
249.3539	0.58664262
249.4769	0.59983408
249.6000	0.58525658
249.7231	0.60403234
249.8462	0.60674387
249.9692	0.64305288
250.0923	0.67209029
250.2154	0.65032852
250.3385	0.67521632
250.4615	0.67320716
250.5846	0.68386680
250.7077	0.65727377
250.8308	0.61039293
250.9538	0.61132383
251.0769	0.61566174
251.2000	0.60640293
251.3231	0.56741601
251.4462	0.57834148
251.5692	0.61671609
251.6923	0.65172672
251.8154	0.63836569
251.9385	0.62510067
252.0615	0.68638283
252.1846	0.69409811
252.3077	0.67800218
252.4308	0.64279717
252.5538	0.62897015
252.6769	0.64760566
252.8000	0.61164016
252.9231	0.58816910
253.0462	0.58262873
253.1692	0.58390236
253.2923	0.61026400
253.4154	0.62948650
253.5385	0.62593913
253.6615	0.64195073
253.7846	0.66884255
253.9077	0.68947279
254.0308	0.68285608
254.1538	0.64293498
254.2769	0.64663172
254.4000	0.65029365
254.5231	0.61444080
254.6461	0.58740073
254.7692	0.58441228
254.8923	0.59938204
255.0154	0.60510641
255.1385	0.60102403
255.2615	0.62367088
255.3846	0.66454768
255.5077	0.66268277
255.6308	0.66462529
255.7538	0.67564261
255.8769	0.66938406
256.0000	0.66597164
256.1231	0.62255484
256.2462	0.60506588
256.3692	0.61441290
256.4923	0.59606528
256.6154	0.59093189
256.7385	0.58155215
256.8615	0.60393637
256.9846	0.65429997
257.1077	0.65050960
257.2308	0.64311534
257.3539	0.66231394
257.4769	0.68926650
257.6000	0.68766522
257.7231	0.63995838
257.8462	0.61196363
257.9692	0.62366617
258.0923	0.62477624
258.2154	0.58830327
258.3385	0.57517195
258.4615	0.58869565
258.5846	0.62149763
258.7077	0.65414953
258.8308	0.63240659
258.9539	0.64822239
259.0769	0.67554885
259.2000	0.68573010
259.3231	0.68252373
259.4462	0.62444174
259.5692	0.62207484
259.6923	0.63087231
259.8154	0.60818362
259.9385	0.58945060
260.0615	0.57317042
260.1846	0.59968829
260.3077	0.63323420
260.4308	0.64017028
260.5538	0.64015764
260.6769	0.65686554
260.8000	0.67701054
260.9231	0.68550348
261.0461	0.66571152
261.1692	0.62325031
261.2923	0.62497300
261.4154	0.62698328
261.5385	0.59833133
261.6615	0.58123004
261.7846	0.58077836
261.9077	0.62039769
262.0308	0.63914794
262.1538	0.61948925
262.2769	0.65424055
262.4000	0.68358415
262.5231	0.67501497
262.6461	0.66205484
262.7692	0.64171088
262.8923	0.65089643
263.0154	0.62659115
263.1385	0.58683896
263.2615	0.59168553
263.3846	0.59826636
263.5077	0.60352641
263.6308	0.61330503
263.7538	0.62675434
263.8769	0.64806658
264.0000	0.67509615
264.1231	0.67513192
264.2462	0.66322464
264.3692	0.65465873
264.4923	0.64087468
264.6154	0.64422166
264.7385	0.60830152
264.8615	0.57575995
264.9846	0.59365827
265.1077	0.60599577
265.2308	0.61869240
265.3539	0.62027866
265.4769	0.62577045
265.6000	0.67012489
265.7231	0.68720609
265.8462	0.66844165
265.9692	0.65423125
266.0923	0.63250834
266.2154	0.64279330
266.3385	0.63622671
266.4615	0.58400422
266.5846	0.57340020
266.7077	0.59436196
266.8308	0.63184112
266.9539	0.63336056
267.0769	0.61199725
267.2000	0.64472562
267.3231	0.69317180
267.4462	0.69159454
267.5692	0.64477813
267.6923	0.63458502
267.8154	0.63342440
267.9385	0.63638377
268.0615	0.60806400
268.1846	0.56649566
268.3077	0.59466922
268.4308	0.60844398
268.5538	0.64078927
268.6769	0.64478993
268.8000	0.62437236
268.9231	0.67386830
269.0461	0.68670940
269.1692	0.67611259
269.2923	0.63561976
269.4154	0.61319071
269.5385	0.62808597
269.6615	0.61562461
269.7846	0.59039396
269.9077	0.57774585
270.0308	0.60808444
270.1538	0.62894577
270.2769	0.65483099
270.4000	0.65690428
270.5231	0.64515972
270.6461	0.67678648
270.7692	0.67323983
270.8923	0.65970045
271.0154	0.61672860
271.1385	0.58945918
271.2615	0.62058777
271.3846	0.61145520
271.5077	0.58192641
271.6308	0.59238756
271.7538	0.63399452
271.8769	0.66474026
272.0000	0.65990746
272.1231	0.64539784
272.2462	0.67447495
272.3692	0.67569852
272.4923	0.63569301
272.6154	0.62350529
272.7385	0.60399258
272.8615	0.60006398
272.9846	0.59808940
273.1077	0.59910154
273.2308	0.61666095
273.3539	0.62680727
273.4769	0.64780349
273.6000	0.67346025
273.7231	0.67535758
273.8462	0.65001905
273.9692	0.65597034
274.0923	0.64695835
274.2154	0.61691421
274.3385	0.60180962
274.4615	0.58072746
274.5846	0.61046410
274.7077	0.61470962
274.8308	0.60674107
274.9539	0.64322025
275.0769	0.65530407
275.2000	0.67640913
275.3231	0.66949672
275.4462	0.64811152
275.5692	0.64924073
275.6923	0.63409263
275.8154	0.61338139
275.9385	0.59348595
276.0615	0.58795142
276.1846	0.60069400
276.3077	0.62818158
276.4308	0.63185441
276.5538	0.63316905
276.6769	0.66776663
276.8000	0.67654377
276.9231	0.67216814
277.0461	0.64405030
277.1692	0.61844498
277.2923	0.63465446
277.4154	0.60931993
277.5385	0.58688563
277.6615	0.59577006
277.7846	0.60167861
277.9077	0.63775611
278.0308	0.64934427
278.1538	0.64936590
278.2769	0.66690707
278.4000	0.66330791
278.5231	0.66545117
278.6461	0.64880371
278.7692	0.61130470
278.8923	0.59469777
279.0154	0.60431653
279.1385	0.61025476
279.2615	0.60416400
279.3846	0.60755128
279.5077	0.62863672
279.6308	0.67948163
279.7538	0.67768174
279.8769	0.64522123
280.0000	0.65194511
280.1231	0.64793605
280.2462	0.64618015
280.3692	0.60833275
280.4923	0.57286853
280.6154	0.60025299
280.7385	0.61687565
280.8615	0.62414420
280.9846	0.63298047
281.1077	0.63778073
281.2308	0.66942704
281.3539	0.68449533
281.4769	0.65871167
281.6000	0.63640499
281.7231	0.61855215
281.8462	0.61217093
281.9692	0.61656493
282.0923	0.59617400
282.2154	0.58720303
282.3385	0.61357176
282.4615	0.64582014
282.5846	0.66881353
282.7077	0.66127050
282.8308	0.64188367
282.9539	0.66193295
283.0769	0.67058557
283.2000	0.62723929
283.3231	0.59708536
283.4462	0.58222657
283.5692	0.60771340
283.6923	0.63150418
283.8154	0.60299665
283.9385	0.62337536
284.0615	0.65460271
284.1846	0.67704910
284.3077	0.68232954
284.4308	0.64003801
284.5538	0.63196695
284.6769	0.63095349
284.8000	0.62080944
284.9231	0.60288513
285.0461	0.58669430
285.1692	0.59434003
285.2923	0.62709522
285.4154	0.66269881
285.5385	0.64929312
285.6615	0.65208268
285.7846	0.65823239
285.9077	0.66533279
286.0308	0.66434097
286.1538	0.60198784
286.2769	0.59109002
286.4000	0.60343981
286.5231	0.60946625
286.6461	0.62451065
286.7692	0.60698295
286.8923	0.62998140
287.0154	0.67412972
287.1385	0.68040252
287.2615	0.66271269
287.3846	0.63262087
287.5077	0.62580121
287.6308	0.63447255
287.7538	0.61718076
287.8769	0.58241743
288.0000	0.58884901
288.1231	0.62031859
288.2462	0.64353937
288.3692	0.65999764
288.4923	0.64623636
288.6154	0.65577447
288.7385	0.67224789
288.8615	0.64916372
288.9846	0.63374650
289.1077	0.59996808
289.2308	0.58484876
289.3539	0.61172938
289.4769	0.61820358
289.6000	0.62149823
289.7231	0.62712359
289.8462	0.64321125
289.9692	0.68595952
290.0923	0.68044943
290.2154	0.63365638
290.3385	0.62320793
290.4615	0.62554383
290.5846	0.62094492
290.7077	0.60157520
290.8308	0.58220309
290.9539	0.61062980
291.0769	0.64519751
291.2000	0.65301812
291.3231	0.65819860
291.4462	0.66091508
291.5692	0.65251851
291.6923	0.65175426
291.8154	0.63695300
291.9385	0.60374606
292.0615	0.59826887
292.1846	0.58650321
292.3077	0.61653382
292.4308	0.64565569
292.5538	0.62453246
292.6769	0.65102142
292.8000	0.66274226
292.9231	0.67627317
293.0461	0.66057760
293.1692	0.61314583
293.2923	0.61245805
293.4154	0.60957986
293.5385	0.60790962
293.6615	0.60095596
293.7846	0.61457914
293.9077	0.63114941
294.0308	0.65549660
294.1538	0.67630768
294.2769	0.65450925
294.4000	0.65725541
294.5231	0.62934601
294.6461	0.62189561
294.7692	0.62286347
294.8923	0.58940905
295.0154	0.59990233
295.1385	0.60908490
295.2615	0.63321632
295.3846	0.66459358
295.5077	0.65747654
295.6308	0.65297264
295.7538	0.65679479
295.8769	0.64769685
296.0000	0.63224465
296.1231	0.60842603
296.2462	0.58300626
296.3692	0.60182208
296.4923	0.62527710
296.6154	0.63248348
296.7385	0.64314556
296.8615	0.64740318
296.9846	0.66409278
297.1077	0.67402887
297.2308	0.64570534
297.3539	0.61660433
297.4769	0.60801202
297.6000	0.59477746
297.7231	0.61356306
297.8462	0.62246752
297.9692	0.61125553
298.0923	0.63905740
298.2154	0.65500307
298.3385	0.68268067
298.4615	0.67269057
298.5846	0.61873484
298.7077	0.61643231
298.8308	0.62546515
298.9539	0.61955172
299.0769	0.59690779
299.2000	0.58695006
299.3231	0.62221301
299.4462	0.66788495
299.5692	0.66918695
299.6923	0.64834136
299.8154	0.64980143
299.9385	0.64146680
300.0615	0.63937670
300.1846	0.62666649
300.3077	0.58767134
300.4308	0.58707178
300.5538	0.60830367
300.6769	0.64414573
300.8000	0.67019027
300.9231	0.63460338
301.0461	0.63696140
301.1692	0.67511952
301.2923	0.66512495
301.4154	0.63124752
301.5385	0.58233714
301.6615	0.58479053
301.7846	0.62747061
301.9077	0.62908065
302.0308	0.62284088
302.1538	0.62804699
302.2769	0.65343910
302.4000	0.67938608
302.5231	0.67500275
302.6461	0.63058239
302.7692	0.59893316
302.8923	0.61121315
303.0154	0.61177373
303.1385	0.62264132
303.2615	0.60557228
303.3846	0.60562354
303.5077	0.66431284
303.6308	0.67236364
303.7538	0.67464179
303.8769	0.64168823
304.0000	0.61085105
304.1231	0.63136709
304.2462	0.62240720
304.3692	0.60585636
304.4923	0.58998555
304.6154	0.60653293
304.7385	0.64823818
304.8615	0.67460406
304.9846	0.65934777
305.1077	0.63923216
305.2308	0.65187275
305.3539	0.63391352
305.4769	0.62554771
305.6000	0.60481960
305.7231	0.58725441
305.8462	0.61150104
305.9692	0.62442631
306.0923	0.65311676
306.2154	0.66738230
306.3385	0.64921379
306.4615	0.64598209
306.5846	0.65255177
306.7077	0.63129324
306.8308	0.61330479
306.9539	0.59484142
307.0769	0.58779371
307.2000	0.62884843
307.3231	0.63901734
307.4462	0.65395951
307.5692	0.65735412
307.6923	0.64474756
307.8154	0.65860480
307.9385	0.64529145
308.0615	0.62330496
308.1846	0.59461617
308.3077	0.59331656
308.4308	0.60390604
308.5538	0.64002919
308.6769	0.65788555
308.8000	0.63429582
308.9231	0.65429217
309.0461	0.65030652
309.1692	0.67038471
309.2923	0.64241177
309.4154	0.57718873
309.5385	0.59272224
309.6615	0.61324567
309.7846	0.64001346
309.9077	0.63455284
310.0308	0.62306130
310.1538	0.65202034
310.2769	0.67603552
310.4000	0.66756457
310.5231	0.63031691
310.6461	0.60582328
310.7692	0.58724463
310.8923	0.61219174
311.0154	0.63717592
311.1385	0.62029040
311.2615	0.62408143
311.3846	0.63995332
311.5077	0.67814732
311.6308	0.68860960
311.7538	0.62494081
311.8769	0.59729576
312.0000	0.61185586
312.1231	0.61600488
312.2462	0.62239540
312.3692	0.60771638
312.4923	0.61827713
312.6154	0.65967786
312.7385	0.66786557
312.8615	0.66663289
312.9846	0.64658040
313.1077	0.61594623
313.2308	0.60617197
313.3539	0.61420918
313.4769	0.61310399
313.6000	0.61458886
313.7231	0.62224793
313.8462	0.63386023
313.9692	0.67447734
314.0923	0.67100114
314.2154	0.64452767
314.3385	0.63166738
314.4615	0.60564256
314.5846	0.60807753
314.7077	0.61767155
314.8308	0.61160797
314.9539	0.62333405
315.0769	0.63231099
315.2000	0.64917666
315.3231	0.68528074
315.4462	0.66103774
315.5692	0.62460208
315.6923	0.60811293
315.8154	0.60240424
315.9385	0.62417960
316.0615	0.62157977
316.1846	0.60945058
316.3077	0.61928719
316.4308	0.65834218
316.5538	0.68211782
316.6769	0.67078066
316.8000	0.62614292
316.9231	0.58984894
317.0461	0.62564766
317.1692	0.62551242
317.2923	0.60993314
317.4154	0.60935509
317.5385	0.61355048
317.6615	0.67023057
317.7846	0.67736560
317.9077	0.65641308
318.0308	0.63839555
318.1538	0.60554999
318.2769	0.60823464
318.4000	0.62507170
318.5231	0.61953896
318.6461	0.60307550
318.7692	0.61860603
318.8923	0.65760344
319.0154	0.68303841
319.1385	0.66313368
319.2615	0.62092054
319.3846	0.62266272
319.5077	0.62074208
319.6308	0.59883600
319.7538	0.61709279
319.8769	0.62277484
320.0000	0.62665486
320.1231	0.64709353
320.2462	0.65332216
320.3692	0.68158227
320.4923	0.65079337
320.6154	0.60179198
320.7385	0.60370201
320.8615	0.61016279
320.9846	0.62271702
321.1077	0.62538880
321.2308	0.62504458
321.3539	0.63537103
321.4769	0.66541010
321.6000	0.67312121
321.7231	0.65204459
321.8462	0.61848038
321.9692	0.58075446
322.0923	0.60888499
322.2154	0.63491940
322.3385	0.62695742
322.4615	0.62779915
322.5846	0.62871516
322.7077	0.65962899
322.8308	0.68621510
322.9539	0.64956164
323.0769	0.60469568
323.2000	0.59345561
323.3231	0.60045666
323.4462	0.63632458
323.5692	0.63323331
323.6923	0.61864120
323.8154	0.64822203
323.9385	0.65957487
324.0615	0.66588914
324.1846	0.64668870
324.3077	0.61655676
324.4308	0.59733188
324.5538	0.59811294
324.6769	0.61585385
324.8000	0.63697475
324.9231	0.65634066
325.0461	0.63407123
325.1692	0.65160656
325.2923	0.66009235
325.4154	0.63799632
325.5385	0.63559991
325.6615	0.59194642
325.7846	0.59125996
325.9077	0.61465955
326.0308	0.63557434
326.1538	0.67125666
326.2769	0.65220147
326.4000	0.63289142
326.5231	0.63935059
326.6461	0.65042406
326.7692	0.63354194
326.8923	0.59967762
327.0154	0.58432293
327.1385	0.60065985
327.2615	0.66193777
327.3846	0.67160010
327.5077	0.64863104
327.6308	0.63874197
327.7538	0.62451279
327.8769	0.64984971
328.0000	0.63004905
328.1231	0.59125537
328.2462	0.60115165
328.3692	0.61337680
328.4923	0.64505237
328.6154	0.67024696
328.7385	0.66199577
328.8615	0.64442396
328.9846	0.62615788
329.1077	0.61367381
329.2308	0.62220806
329.3539	0.62106383
329.4769	0.60101283
329.6000	0.61874783
329.7231	0.64359736
329.8462	0.65972948
329.9692	0.67294508
330.0923	0.65107256
330.2154	0.61934817
330.3385	0.60256696
330.4615	0.59875250
330.5846	0.62625027
330.7077	0.64588964
330.8308	0.61301428
330.9539	0.62581205
331.0769	0.66356635
331.2000	0.67528450
331.3231	0.66405952
331.4462	0.59835613
331.5692	0.58647454
331.6923	0.61258513
331.8154	0.62590706
331.9385	0.64021981
332.0615	0.63740540
332.1846	0.64000767
332.3077	0.64788866
332.4308	0.66431373
332.5538	0.64404380
332.6769	0.61710542
332.8000	0.59567142
332.9231	0.58486217
333.0461	0.63512963
333.1692	0.64749563
333.2923	0.65010774
333.4154	0.66028869
333.5385	0.63553917
333.6615	0.64091814
333.7846	0.63036972
333.9077	0.61715579
334.0308	0.61701787
334.1538	0.59704602
334.2769	0.60482597
334.4000	0.65190947
334.5231	0.68306273
334.6461	0.66492784
334.7692	0.63037777
334.8923	0.60739505
335.0154	0.61538851
335.1385	0.63654560
335.2615	0.61603320
335.3846	0.60474432
335.5077	0.62229413
335.6308	0.64215034
335.7538	0.68486911
335.8769	0.66884184
336.0000	0.62070006
336.1231	0.61052173
336.2462	0.59869075
336.3692	0.61529070
336.4923	0.63274461
336.6154	0.62870479
336.7385	0.64076287
336.8615	0.64604259
336.9846	0.65038103
337.1077	0.65858716
337.2308	0.64099193
337.3539	0.60311270
337.4769	0.59246594
337.6000	0.60498840
337.7231	0.62534416
337.8462	0.66455418
337.9692	0.66330427
338.0923	0.64122373
338.2154	0.63363552
338.3385	0.62173492
338.4615	0.64235330
338.5846	0.63158441
338.7077	0.58443063
338.8308	0.59585136
338.9539	0.63843566
339.0769	0.67359054
339.2000	0.67819029
339.3231	0.63602507
339.4462	0.61640966
339.5692	0.62199908
339.6923	0.61266345
339.8154	0.61831182
339.9385	0.62570560
340.0615	0.62190688
340.1846	0.63375050
340.3077	0.65674806
340.4308	0.66528201
340.5538	0.65473127
340.6769	0.62454522
340.8000	0.58629787
340.9231	0.60371900
341.0461	0.61917782
341.1692	0.63534415
341.2923	0.66980726
341.4154	0.63873506
341.5385	0.63778293
341.6615	0.63801223
341.7846	0.63854712
341.9077	0.64544535
342.0308	0.59505635
342.1538	0.58210963
342.2769	0.61448824
342.4000	0.66981679
342.5231	0.67354888
342.6461	0.64952767
342.7692	0.63165921
342.8923	0.61231858
343.0154	0.63223863
343.1385	0.60861737
343.2615	0.61902803
343.3846	0.63088048
343.5077	0.61450887
343.6308	0.65143490
343.7538	0.66333985
343.8769	0.66255641
344.0000	0.63930655
344.1231	0.60390711
344.2462	0.58954537
344.3692	0.60835379
344.4923	0.63472342
344.6154	0.65493286
344.7385	0.66217953
344.8615	0.62475628
344.9846	0.63361275
345.1077	0.65073919
345.2308	0.63815314
345.3539	0.61391741
345.4769	0.58876222
345.6000	0.60063618
345.7231	0.64308417
345.8462	0.67725778
345.9692	0.66070437
346.0923	0.64777827
346.2154	0.61191517
346.3385	0.60820454
346.4615	0.63118672
346.5846	0.60785890
346.7077	0.62868524
346.8308	0.63535047
346.9539	0.63567263
347.0769	0.65112913
347.2000	0.65312916
347.3231	0.65862995
347.4462	0.62505943
347.5692	0.58645403
347.6923	0.58195442
347.8154	0.63549793
347.9385	0.66427243
348.0615	0.65317827
348.1846	0.65173382
348.3077	0.62369496
348.4308	0.62903410
348.5538	0.63748407
348.6769	0.62006384
348.8000	0.61637366
348.9231	0.59959668
349.0461	0.61571872
349.1692	0.67205739
349.2923	0.67158484
349.4154	0.64906335
349.5385	0.62968105
349.6615	0.60418969
349.7846	0.60157126
349.9077	0.61104274
350.0308	0.63665897
350.1538	0.65420669
350.2769	0.64926177
350.4000	0.62626350
350.5231	0.63797474
350.6461	0.65799260
350.7692	0.62875938
350.8923	0.61353457
351.0154	0.58533239
351.1385	0.60057008
351.2615	0.66339594
351.3846	0.67093766
351.5077	0.66314757
351.6308	0.63326037
351.7538	0.60850477
351.8769	0.61490971
352.0000	0.61860967
352.1231	0.62169760
352.2462	0.63503641
352.3692	0.63591510
352.4923	0.62998861
352.6154	0.65680659
352.7385	0.65995997
352.8615	0.63559651
352.9846	0.61620319
353.1077	0.59286612
353.2308	0.59614736
353.3539	0.63214016
353.4769	0.66223478
353.6000	0.67822039
353.7231	0.65162534
353.8462	0.59762484
353.9692	0.61752629
354.0923	0.63960671
354.2154	0.62149167
354.3385	0.61733991
354.4615	0.61292505
354.5846	0.64113450
354.7077	0.66133350
354.8308	0.65362751
354.9539	0.65057719
355.0769	0.62747520
355.2000	0.59341973
355.3231	0.58704811
355.4462	0.62871110
355.5692	0.65196085
355.6923	0.66439331
355.8154	0.66010702
355.9385	0.61892581
356.0615	0.62263942
356.1846	0.62206781
356.3077	0.62709361
356.4308	0.63556808
356.5538	0.59996963
356.6769	0.61605656
356.8000	0.65892214
356.9231	0.66956210
357.0461	0.66041481
357.1692	0.62540972
357.2923	0.59787476
357.4154	0.59459865
357.5385	0.61681664
357.6615	0.63969177
357.7846	0.66149324
357.9077	0.66094232
358.0308	0.62980133
358.1538	0.63113421
358.2769	0.61811543
358.4000	0.61837494
358.5231	0.64231300
358.6461	0.61228698
358.7692	0.60693300
358.8923	0.63577741
359.0154	0.66558617
359.1385	0.68267733
359.2615	0.63529730
359.3846	0.59337306
359.5077	0.59754753
359.6308	0.61332083
359.7538	0.62765908
359.8769	0.65762472
360.0000	0.66625631
360.1231	0.63867307
360.2462	0.62787277
360.3692	0.61679542
360.4923	0.62492472
360.6154	0.63331056
360.7385	0.61388761
360.8615	0.61942816
360.9846	0.63451338
361.1077	0.64085925
361.2308	0.66910470
361.3539	0.66794622
361.4769	0.61218220
361.6000	0.58702838
361.7231	0.59026164
361.8462	0.63029748
361.9692	0.67246330
362.0923	0.64972818
362.2154	0.64481139
362.3385	0.63766450
362.4615	0.62044728
362.5846	0.61088371
362.7077	0.62144792
362.8308	0.63622761
362.9539	0.62492561
363.0769	0.63164085
363.2000	0.62454611
363.3231	0.66546935
363.4462	0.67055583
363.5692	0.61911476
363.6923	0.61005509
363.8154	0.58053094
363.9385	0.61241972
364.0615	0.65719324
364.1846	0.66692358
364.3077	0.66439986
364.4308	0.62888128
364.5538	0.61253309
364.6769	0.60698581
364.8000	0.62669611
364.9231	0.62398809
365.0461	0.63554990
365.1692	0.64812362
365.2923	0.62575293
365.4154	0.64538604
365.5385	0.64575458
365.6615	0.64127213
365.7846	0.62835777
365.9077	0.58953869
366.0308	0.59167004
366.1538	0.64207077
366.2769	0.67230707
366.4000	0.67136693
366.5231	0.64751101
366.6461	0.60210562
366.7692	0.60506070
366.8923	0.61147362
367.0154	0.62034363
367.1385	0.64961606
367.2615	0.65571326
367.3846	0.64264214
367.5077	0.62801003
367.6308	0.62926704
367.7538	0.62768567
367.8769	0.64108646
368.0000	0.61688298
368.1231	0.59572315
368.2462	0.63001353
368.3692	0.64547265
368.4923	0.67562640
368.6154	0.66458976
368.7385	0.61470139
368.8615	0.59891903
368.9846	0.59519982
369.1077	0.61474252
369.2308	0.65342534
369.3539	0.66641879
369.4769	0.65222347
369.6000	0.63817173
369.7231	0.61391932
369.8462	0.60381496
369.9692	0.62502724
370.0923	0.64016265
370.2154	0.63442725
370.3385	0.63050437
370.4615	0.62153095
370.5846	0.64722806
370.7077	0.67462146
370.8308	0.62644923
370.9539	0.60656154
371.0769	0.60060525
371.2000	0.60662943
371.3231	0.64636314
371.4462	0.65366638
371.5692	0.67022592
371.6923	0.65668821
371.8154	0.61151373
371.9385	0.58364177
372.0615	0.60324925
372.1846	0.64151639
372.3077	0.65210187
372.4308	0.66348696
372.5538	0.63201958
372.6769	0.62080693
372.8000	0.63305467
372.9231	0.62139505
373.0461	0.63603818
373.1692	0.62274075
373.2923	0.60810703
373.4154	0.63660675
373.5385	0.64931101
373.6615	0.65317339
373.7846	0.65271127
373.9077	0.62947285
374.0308	0.60361868
374.1538	0.59432942
374.2769	0.60613573
374.4000	0.65055150
374.5231	0.69158691
374.6461	0.66103429
374.7692	0.61580902
374.8923	0.60281062
375.0154	0.60011458
375.1385	0.62701589
375.2615	0.64216077
375.3846	0.64022559
375.5077	0.65614271
375.6308	0.64043903
375.7538	0.61485827
375.8769	0.62952036
376.0000	0.63348490
376.1231	0.62745810
376.2462	0.62484729
376.3692	0.60773665
376.4923	0.63230038
376.6154	0.66065043
376.7385	0.66083175
376.8615	0.64732158
376.9846	0.61321902
377.1077	0.58849281
377.2308	0.59643149
377.3539	0.64684927
377.4769	0.65678596
377.6000	0.66690588
377.7231	0.65855014
377.8462	0.60935700
377.9692	0.60832888
378.0923	0.58828825
378.2154	0.62568051
378.3385	0.67203701
378.4615	0.65117437
378.5846	0.63630396
378.7077	0.61957121
378.8308	0.62995785
378.9539	0.62833869
379.0769	0.63315892
379.2000	0.62111342
379.3231	0.61761677
379.4462	0.64030528
379.5692	0.62946022
379.6923	0.65529412
379.8154	0.65283209
379.9385	0.63108546
380.0615	0.62083018
380.1846	0.58943331
380.3077	0.59781420
380.4308	0.65231252
380.5538	0.68066192
380.6769	0.66264701
380.8000	0.63614750
380.9231	0.59849226
381.0461	0.59589446
381.1692	0.61370200
381.2923	0.63176197
381.4154	0.66618484
381.5385	0.66622353
381.6615	0.63440561
381.7846	0.61365175
381.9077	0.61575413
382.0308	0.61005580
382.1538	0.63635796
382.2769	0.65328163
382.4000	0.62657660
382.5231	0.63045979
382.6461	0.62827903
382.7692	0.64742160
382.8923	0.65418994
383.0154	0.61157799
383.1385	0.60777950
383.2615	0.62372136
383.3846	0.62416494
383.5077	0.63746309
383.6308	0.66364658
383.7538	0.66579878
383.8769	0.63360971
384.0000	0.59447700
384.1231	0.58016789
384.2462	0.62013561
384.3692	0.66625720
384.4923	0.66232705
384.6154	0.66357189
384.7385	0.63385373
384.8615	0.59314370
384.9846	0.60633552
385.1077	0.60938662
385.2308	0.64215708
385.3539	0.66895491
385.4769	0.64892238
385.6000	0.63572592
385.7231	0.61480892
385.8462	0.61135918
385.9692	0.62435317
386.0923	0.64670646
386.2154	0.63434803
386.3385	0.61975050
386.4615	0.63634592
386.5846	0.63466704
386.7077	0.65381539
386.8308	0.63713723
386.9539	0.61164737
387.0769	0.62738293
387.2000	0.61322701
387.3231	0.61214203
387.4462	0.64933211
387.5692	0.67048442
387.6923	0.66256422
387.8154	0.62441850
387.9385	0.58520854
388.0615	0.59403300
388.1846	0.63073182
388.3077	0.65195149
388.4308	0.66784304
388.5538	0.66696608
388.6769	0.62476170
388.8000	0.59790558
388.9231	0.59879225
389.0461	0.60553145
389.1692	0.65283805
389.2923	0.67655450
389.4154	0.65100235
389.5385	0.63154304
389.6615	0.60268855
389.7846	0.60698760
389.9077	0.63622320
390.0308	0.63317597
390.1538	0.63854724
390.2769	0.64892542
390.4000	0.63211620
390.5231	0.62476897
390.6461	0.63023895
390.7692	0.63183224
390.8923	0.63147855
391.0154	0.63223845
391.1385	0.61606270
391.2615	0.61868250
391.3846	0.64912063
391.5077	0.65002662
391.6308	0.65906000
391.7538	0.62497604
391.8769	0.58786386
392.0000	0.61932105
392.1231	0.62418580
392.2462	0.64047086
392.3692	0.66492683
392.4923	0.66580558
392.6154	0.63960117
392.7385	0.59018755
392.8615	0.58341509
392.9846	0.61334085
393.1077	0.66749942
393.2308	0.66793990
393.3539	0.65197617
393.4769	0.64748138
393.6000	0.59398735
393.7231	0.59245747
393.8462	0.61569524
393.9692	0.63723052
394.0923	0.67290580
394.2154	0.66157115
394.3385	0.63426054
394.4615	0.61180317
394.5846	0.59795254
394.7077	0.61350203
394.8308	0.65036416
394.9539	0.65358084
395.0769	0.63271189
395.2000	0.63911778
395.3231	0.62967062
395.4462	0.61859435
395.5692	0.62613338
395.6923	0.62854344
395.8154	0.64023578
395.9385	0.64146054
396.0615	0.61529267
396.1846	0.62401438
396.3077	0.65322202
396.4308	0.64215201
396.5538	0.63529623
396.6769	0.61737347
396.8000	0.60409403
396.9231	0.63219130
397.0461	0.63668442
397.1692	0.64522898
397.2923	0.65846759
397.4154	0.64746141
397.5385	0.61315775
397.6615	0.59122646
397.7846	0.60825932
397.9077	0.63131362
398.0308	0.67832154
398.1538	0.66563642
398.2769	0.63442779
398.4000	0.62476438
398.5231	0.58104944
398.6461	0.60303164
398.7692	0.63706386
398.8923	0.65606397
399.0154	0.67741364
399.1385	0.65506452
399.2615	0.61805022
399.3846	0.58316439
399.5077	0.59555411
399.6308	0.62780541
399.7538	0.66907072
399.8769	0.67441440
400.0000	0.63378990
400.1231	0.63237339
400.2462	0.60785985
400.3692	0.58881819
400.4923	0.62186706
400.6154	0.65275866
400.7385	0.66996551
400.8615	0.65709829
400.9846	0.61368364
401.1077	0.60493529
401.2308	0.62152809
401.3539	0.62152129
401.4769	0.63832390
401.6000	0.65329552
401.7231	0.64381963
401.8462	0.63163674
401.9692	0.62339807
402.0923	0.61235243
402.2154	0.62566471
402.3385	0.65005302
402.4615	0.63356155
402.5846	0.63255298
402.7077	0.62738466
402.8308	0.62137973
402.9539	0.64884144
403.0769	0.63370705
403.2000	0.62392819
403.3231	0.63539898
403.4462	0.62461287
403.5692	0.62006706
403.6923	0.63253689
403.8154	0.64321840
403.9385	0.64742875
404.0615	0.64489502
404.1846	0.61822045
404.3077	0.60204554
404.4308	0.61971140
404.5538	0.63383746
404.6769	0.65584803
404.8000	0.66352785
404.9231	0.62741274
405.0461	0.62278342
405.1692	0.61756831
405.2923	0.59130555
405.4154	0.62539083
405.5385	0.66225171
405.6615	0.67519879
405.7846	0.65281522
405.9077	0.60434723
406.0308	0.59820455
406.1538	0.60999835
406.2769	0.62519443
406.4000	0.63910633
406.5231	0.67893946
406.6461	0.67316020
406.7692	0.61091000
406.8923	0.60024482
407.0154	0.58834785
407.1385	0.61615717
407.2615	0.66117299
407.3846	0.66400480
407.5077	0.67278135
407.6308	0.63088727
407.7538	0.59214228
407.8769	0.59402049
408.0000	0.61530817
408.1231	0.63594693
408.2462	0.66488421
408.3692	0.68987638
408.4923	0.63615954
408.6154	0.59597969
408.7385	0.58809519
408.8615	0.60540032
408.9846	0.65015179
409.1077	0.65723735
409.2308	0.66091383
409.3539	0.66111505
409.4769	0.61979800
409.6000	0.57707018
409.7231	0.60072583
409.8462	0.63334817
409.9692	0.66060102
410.0923	0.67873150
410.2154	0.64091527
410.3385	0.62129283
410.4615	0.60290593
410.5846	0.59909087
410.7077	0.61753672
410.8308	0.65164179
410.9539	0.67230022
411.0769	0.65388858
411.2000	0.63967949
411.3231	0.58646333
411.4462	0.60029793
411.5692	0.63264942
411.6923	0.63251495
411.8154	0.66851091
411.9385	0.65354061
412.0615	0.63629109
412.1846	0.61532521
412.3077	0.59894121
412.4308	0.60968924
412.5538	0.63676143
412.6769	0.66839033
412.8000	0.65068859
412.9231	0.64263040
413.0461	0.61354578
413.1692	0.59933090
413.2923	0.62840474
413.4154	0.62590933
413.5385	0.64003605
413.6615	0.66632587
413.7846	0.64794219
413.9077	0.61987460
414.0308	0.60704285
414.1538	0.60433668
414.2769	0.63706636
414.4000	0.65335107
414.5231	0.64174306
414.6461	0.64267641
414.7692	0.63771898
414.8923	0.61582267
415.0154	0.60442603
415.1385	0.62582511
415.2615	0.63684767
415.3846	0.66008544
415.5077	0.65308827
415.6308	0.61409748
415.7538	0.62501484
415.8769	0.61925060
416.0000	0.61650097
416.1231	0.63637060
416.2462	0.64683777
416.3692	0.64939088
416.4923	0.64292544
416.6154	0.61773998
416.7385	0.60671735
416.8615	0.62601650
416.9846	0.63155425
417.1077	0.64353162
417.2308	0.65367699
417.3539	0.63695145
417.4769	0.61839998
417.6000	0.62802839
417.7231	0.61607969
417.8462	0.61436945
417.9692	0.65164161
418.0923	0.64786720
418.2154	0.65238869
418.3385	0.62477291
418.4615	0.60231799
418.5846	0.63080865
418.7077	0.62822312
418.8308	0.62853569
418.9539	0.63909245
419.0769	0.66414344
419.2000	0.63771325
419.3231	0.61040473
419.4462	0.61503154
419.5692	0.61121082
419.6923	0.64826369
419.8154	0.64425468
419.9385	0.63762712
420.0615	0.65256971
420.1846	0.62585002
420.3077	0.60905874
420.4308	0.61497664
420.5538	0.62366009
420.6769	0.64131671
420.8000	0.66242254
420.9231	0.64665359
421.0461	0.62407100
421.1692	0.61737782
421.2923	0.61083972
421.4154	0.61666149
421.5385	0.64200664
421.6615	0.64808035
421.7846	0.65107942
421.9077	0.65601438
422.0308	0.60890865
422.1538	0.60133654
422.2769	0.61529881
422.4000	0.62734306
422.5231	0.65922904
422.6461	0.65491724
422.7692	0.64124000
422.8923	0.63277119
423.0154	0.61712921
423.1385	0.59124249
423.2615	0.61240143
423.3846	0.65621579
423.5077	0.66318780
423.6308	0.65883458
423.7538	0.63078374
423.8769	0.60746127
424.0000	0.60932457
424.1231	0.60936850
424.2462	0.61772901
424.3692	0.66958404
424.4923	0.67368424
424.6154	0.64218593
424.7385	0.62634969
424.8615	0.58684313
424.9846	0.60118705
425.1077	0.62639797
425.2308	0.65166235
425.3539	0.66555434
425.4769	0.66196638
425.6000	0.64282113
425.7231	0.59220910
425.8462	0.59921050
425.9692	0.59609568
426.0923	0.64069200
426.2154	0.68734598
426.3385	0.65520793
426.4615	0.65116066
426.5846	0.61393028
426.7077	0.59049547
426.8308	0.59564078
426.9539	0.62291455
427.0769	0.65713131
427.2000	0.67545861
427.3231	0.67681921
427.4462	0.61669415
427.5692	0.59249324
427.6923	0.59280145
427.8154	0.60813797
427.9385	0.65182281
428.0615	0.66544187
428.1846	0.66458482
428.3077	0.65839404
428.4308	0.61533815
428.5538	0.56946909
428.6769	0.60071808
428.8000	0.63777536
428.9231	0.65990514
429.0461	0.67323083
429.1692	0.64996272
429.2923	0.63235104
429.4154	0.60437882
429.5385	0.58824098
429.6615	0.60344255
429.7846	0.65395778
429.9077	0.67294961
430.0308	0.65317917
430.1538	0.64988959
430.2769	0.60858148
430.4000	0.59662491
430.5231	0.61673033
430.6461	0.61860663
430.7692	0.65163600
430.8923	0.66516876
431.0154	0.64841259
431.1385	0.63290244
431.2615	0.61209118
431.3846	0.60324228
431.5077	0.61842108
431.6308	0.64619339
431.7538	0.64191657
431.8769	0.63905859
432.0000	0.65192372
432.1231	0.62802994
432.2462	0.62373799
432.3692	0.61682880
432.4923	0.60989749
432.6154	0.64926147
432.7385	0.63984442
432.8615	0.62408125
432.9846	0.64256090
433.1077	0.65122938
433.2308	0.63327503
433.3539	0.61168873
433.4769	0.61678344
433.6000	0.62185508
433.7231	0.63706440
433.8462	0.63718307
433.9692	0.64025092
434.0923	0.66637373
434.2154	0.63731420
434.3385	0.60263091
434.4615	0.61120939
434.5846	0.60914183
434.7077	0.62457013
434.8308	0.66333258
434.9539	0.66525739
435.0769	0.65000296
435.2000	0.62873805
435.3231	0.60312963
435.4462	0.59489483
435.5692	0.60716563
435.6923	0.63697797
435.8154	0.67300218
435.9385	0.68771964
436.0615	0.63543123
436.1846	0.60192442
436.3077	0.60716176
436.4308	0.58974886
436.5538	0.61333025
436.6769	0.66065407
436.8000	0.67615128
436.9231	0.67221916
437.0461	0.63517392
437.1692	0.59213412
437.2923	0.59065330
437.4154	0.60782218
437.5385	0.63385302
437.6615	0.66378945
437.7846	0.66990793
437.9077	0.64933205
438.0308	0.62825674
438.1538	0.61118925
438.2769	0.57936889
438.4000	0.62010509
438.5231	0.66094857
438.6461	0.64352578
438.7692	0.65378046
438.8923	0.63854253
439.0154	0.63485163
439.1385	0.61870044
439.2615	0.60213184
439.3846	0.62395453
439.5077	0.63921821
439.6308	0.64609295
439.7538	0.62361515
439.8769	0.65153295
440.0000	0.64975357
440.1231	0.61868596
440.2462	0.63398379
440.3692	0.61134291
440.4923	0.60881662
440.6154	0.62599796
440.7385	0.64531708
440.8615	0.65629035
440.9846	0.65618354
441.1077	0.64164329
441.2308	0.61929005
441.3539	0.60861915
441.4769	0.58298606
441.6000	0.61574650
441.7231	0.66959798
441.8462	0.67457837
441.9692	0.65345716
442.0923	0.64114040
442.2154	0.61443007
442.3385	0.58091277
442.4615	0.60050142
442.5846	0.61716199
442.7077	0.66869587
442.8308	0.69312483
442.9539	0.64731163
443.0769	0.62799096
443.2000	0.60208386
443.3231	0.59493518
443.4462	0.60521048
443.5692	0.63445914
443.6923	0.65940559
443.8154	0.66562456
443.9385	0.66310662
444.0615	0.61178321
444.1846	0.60696787
444.3077	0.62396646
444.4308	0.60975742
444.5538	0.63246834
444.6769	0.64272183
444.8000	0.64073974
444.9231	0.65041572
445.0461	0.64055949
445.1692	0.63001639
445.2923	0.62581062
445.4154	0.61988932
445.5385	0.61048448
445.6615	0.61798930
445.7846	0.63587856
445.9077	0.64066374
446.0308	0.67356187
446.1538	0.66560853
446.2769	0.61113846
446.4000	0.60641193
446.5231	0.60046822
446.6461	0.60235262
446.7692	0.63152730
446.8923	0.66075546
447.0154	0.68311948
447.1385	0.66964203
447.2615	0.61785960
447.3846	0.58170772
447.5077	0.59725797
447.6308	0.61500162
447.7538	0.62873971
447.8769	0.66798425
448.0000	0.67839843
448.1231	0.64817607
448.2462	0.62748879
448.3692	0.59854776
448.4923	0.59253973
448.6154	0.63026303
448.7385	0.63443255
448.8615	0.64239031
448.9846	0.65471363
449.1077	0.64374638
449.2308	0.63912994
449.3539	0.63037521
449.4769	0.61916333
449.6000	0.61171067
449.7231	0.62490076
449.8462	0.62120289
449.9692	0.61957240
450.0923	0.65988886
450.2154	0.66271025
450.3385	0.65305901
450.4615	0.64283365
450.5846	0.59504271
450.7077	0.59097016
450.8308	0.60979640
450.9539	0.62384939
451.0769	0.65806770
451.2000	0.67913777
451.3231	0.67250603
451.4462	0.63111746
451.5692	0.59964967
451.6923	0.58099937
451.8154	0.59678400
451.9385	0.65061849
452.0615	0.64735967
452.1846	0.66199750
452.3077	0.67045599
452.4308	0.63049513
452.5538	0.61422682
452.6769	0.60208571
452.8000	0.61021501
452.9231	0.63121212
453.0461	0.64176649
453.1692	0.63116169
453.2923	0.63895380
453.4154	0.66384530
453.5385	0.64313966
453.6615	0.62861896
453.7846	0.62257624
453.9077	0.60424662
454.0308	0.60664630
454.1538	0.61826766
454.2769	0.63045508
454.4000	0.67381561
454.5231	0.68666321
454.6461	0.64002085
454.7692	0.61826491
454.8923	0.59511226
455.0154	0.58326405
455.1385	0.60952663
455.2615	0.64750695
455.3846	0.66948026
455.5077	0.66936457
455.6308	0.66171515
455.7538	0.61789399
455.8769	0.59883320
456.0000	0.60398650
456.1231	0.60605747
456.2462	0.64716399
456.3692	0.64504838
456.4923	0.62992173
456.6154	0.65932971
456.7385	0.65436047
456.8615	0.62852657
456.9846	0.61884922
457.1077	0.62446761
457.2308	0.61452436
457.3539	0.59815216
457.4769	0.62132353
457.6000	0.64509183
457.7231	0.68462706
457.8462	0.67391837
457.9692	0.62363237
458.0923	0.62670821
458.2154	0.59260231
458.3385	0.57981700
458.4615	0.61324853
458.5846	0.65151787
458.7077	0.67568725
458.8308	0.67026377
458.9539	0.65510643
459.0769	0.60974717
459.2000	0.60611492
459.3231	0.60866803
459.4462	0.60849869
459.5692	0.63568676
459.6923	0.63837141
459.8154	0.64371604
459.9385	0.65535873
460.0615	0.65061939
460.1846	0.62807459
460.3077	0.64258122
460.4308	0.62195778
460.5538	0.58901423
460.6769	0.60269189
460.8000	0.61697161
460.9231	0.65724385
461.0461	0.67336720
461.1692	0.67494506
461.2923	0.64222062
461.4154	0.61908400
461.5385	0.59934193
461.6615	0.56812513
461.7846	0.62062716
461.9077	0.64464593
462.0308	0.66526008
462.1538	0.67491210
462.2769	0.63964862
462.4000	0.63012773
462.5231	0.62398362
462.6461	0.61746550
462.7692	0.59956837
462.8923	0.62037724
463.0154	0.63472170
463.1385	0.62699616
463.2615	0.64586496
463.3846	0.65905863
463.5077	0.66283667
463.6308	0.65710557
463.7538	0.61303228
463.8769	0.57747138
464.0000	0.60255194
464.1231	0.60886329
464.2462	0.63358796
464.3692	0.67494738
464.4923	0.68018234
464.6154	0.66230857
464.7385	0.62283415
464.8615	0.60513097
464.9846	0.58653522
465.1077	0.61554146
465.2308	0.63119751
465.3539	0.62895715
465.4769	0.66029644
465.6000	0.64318204
465.7231	0.64767581
465.8462	0.65518582
465.9692	0.63446993
466.0923	0.61304748
466.2154	0.61006570
466.3385	0.60354388
466.4615	0.59352160
466.5846	0.63526392
466.7077	0.67005277
466.8308	0.68473095
466.9539	0.66759950
467.0769	0.62755638
467.2000	0.59844571
467.3231	0.59986615
467.4462	0.59746122
467.5692	0.59980971
467.6923	0.66395724
467.8154	0.66646940
467.9385	0.64995867
468.0615	0.64597535
468.1846	0.63400018
468.3077	0.63948703
468.4308	0.61959708
468.5538	0.60935980
468.6769	0.59488398
468.8000	0.61735225
468.9231	0.63446063
469.0461	0.63494343
469.1692	0.68655813
469.2923	0.67603546
469.4154	0.64322704
469.5385	0.61975563
469.6615	0.58044785
469.7846	0.58478534
469.9077	0.61386520
470.0308	0.64331526
470.1538	0.65633523
470.2769	0.66599137
470.4000	0.65975678
470.5231	0.63170022
470.6461	0.63367367
470.7692	0.61974001
470.8923	0.60302418
471.0154	0.62229311
471.1385	0.60994911
471.2615	0.60617596
471.3846	0.64315784
471.5077	0.67276394
471.6308	0.67699724
471.7538	0.66243333
471.8769	0.62644994
472.0000	0.59709817
472.1231	0.59449220
472.2462	0.58903629
472.3692	0.60933244
472.4923	0.66171545
472.6154	0.68048072
472.7385	0.64896679
472.8615	0.64332414
472.9846	0.64462936
473.1077	0.62005973
473.2308	0.62547565
473.3539	0.60363078
473.4769	0.60001981
473.6000	0.62147045
473.7231	0.62118113
473.8462	0.64597070
473.9692	0.67217189
474.0923	0.68766588
474.2154	0.64993310
474.3385	0.61722809
474.4615	0.59623855
474.5846	0.57137847
474.7077	0.61494887
474.8308	0.63393646
474.9539	0.64141619
475.0769	0.66965950
475.2000	0.66076332
475.3231	0.64408112
475.4462	0.63592499
475.5692	0.63162160
475.6923	0.61878097
475.8154	0.60951412
475.9385	0.60043317
476.0615	0.59264618
476.1846	0.63038957
476.3077	0.67121619
476.4308	0.66997707
476.5538	0.67805266
476.6769	0.65292567
476.8000	0.60687602
476.9231	0.60040176
477.0461	0.58863848
477.1692	0.59765351
477.2923	0.63612717
477.4154	0.65742409
477.5385	0.64422691
477.6615	0.64248693
477.7846	0.66420412
477.9077	0.65394253
478.0308	0.63994163
478.1538	0.61917746
478.2769	0.59169495
478.4000	0.59721535
478.5231	0.60280651
478.6461	0.60947299
478.7692	0.66642880
478.8923	0.69787121
479.0154	0.66494411
479.1385	0.64338273
479.2615	0.62131828
479.3846	0.60606670
479.5077	0.60144889
479.6308	0.61055052
479.7538	0.61495465
479.8769	0.62278771
480.0000	0.65008879
480.1231	0.63799727
480.2462	0.66233599
480.3692	0.68296397
480.4923	0.64759165
480.6154	0.62995613
480.7385	0.59362435
480.8615	0.57439989
480.9846	0.59420341
481.1077	0.63034362
481.2308	0.65305191
481.3539	0.65986216
481.4769	0.67520940
481.6000	0.65140873
481.7231	0.63209122
481.8462	0.63648987
481.9692	0.61165565
482.0923	0.61172926
482.2154	0.61316711
482.3385	0.58639115
482.4615	0.60861897
482.5846	0.65457559
482.7077	0.67963618
482.8308	0.67579025
482.9539	0.66291016
483.0769	0.64119250
483.2000	0.60481530
483.3231	0.59447241
483.4462	0.58549833
483.5692	0.61254483
483.6923	0.65051723
483.8154	0.62973958
483.9385	0.63097966
484.0615	0.66757649
484.1846	0.67221272
484.3077	0.65207303
484.4308	0.64747477
484.5538	0.61808759
484.6769	0.58864486
484.8000	0.58211756
484.9231	0.59338164
485.0461	0.62966442
485.1692	0.66364241
485.2923	0.67865455
485.4154	0.65533078
485.5385	0.65745282
485.6615	0.63615888
485.7846	0.61467832
485.9077	0.63846928
486.0308	0.59944713
486.1538	0.58839852
486.2769	0.60430181
486.4000	0.62335879
486.5231	0.64159590
486.6461	0.66294634
486.7692	0.70237172
486.8923	0.66417521
487.0154	0.63436508
487.1385	0.60576022
487.2615	0.58651900
487.3846	0.61633092
487.5077	0.60684717
487.6308	0.61000592
487.7538	0.63581109
487.8769	0.64845133
488.0000	0.64828449
488.1231	0.66653651
488.2462	0.68118858
488.3692	0.64982957
488.4923	0.62358743
488.6154	0.59509337
488.7385	0.56964046
488.8615	0.59181148
488.9846	0.63587928
489.1077	0.64130253
489.2308	0.65275091
489.3539	0.66833419
489.4769	0.65416926
489.6000	0.65646535
489.7231	0.64349473
489.8462	0.62761301
489.9692	0.62191385
490.0923	0.59463197
490.2154	0.57237494
490.3385	0.59148276
490.4615	0.65119702
490.5846	0.66391760
490.7077	0.66491979
490.8308	0.68516266
490.9539	0.64976066
491.0769	0.62672013
491.2000	0.62543702
491.3231	0.60879970
491.4462	0.60848248
491.5692	0.60257328
491.6923	0.59831035
491.8154	0.61089164
491.9385	0.64240706
492.0615	0.67378432
492.1846	0.68243074
492.3077	0.68588519
492.4308	0.63878500
492.5538	0.60087901
492.6769	0.61768872
492.8000	0.59695816
492.9231	0.58932132
493.0461	0.61983943
493.1692	0.62952572
493.2923	0.62981260
493.4154	0.63852608
493.5385	0.67236394
493.6615	0.68754697
493.7846	0.67326760
493.9077	0.63590336
494.0308	0.59144384
494.1538	0.59871060
494.2769	0.59386760
494.4000	0.58597332
494.5231	0.63143730
494.6461	0.65046424
494.7692	0.64381796
494.8923	0.65118295
495.0154	0.66531086
495.1385	0.66896701
495.2615	0.66296256
495.3846	0.63922578
495.5077	0.59207118
495.6308	0.57862580
495.7538	0.59173745
495.8769	0.59906489
496.0000	0.62976003
496.1231	0.66443688
496.2462	0.65753579
496.3692	0.66048896
496.4923	0.66569018
496.6154	0.64438063
496.7385	0.65195966
496.8615	0.63817471
496.9846	0.59862936
497.1077	0.57560688
497.2308	0.58211052
497.3539	0.61059660
497.4769	0.62845075
497.6000	0.67402887
497.7231	0.66909409
497.8462	0.65822321
497.9692	0.67401516
498.0923	0.63399380
498.2154	0.63105053
498.3385	0.63231510
498.4615	0.60989451
498.5846	0.58300608
498.7077	0.57415169
498.8308	0.61050785
498.9539	0.63321924
499.0769	0.67500740
499.2000	0.67696428
499.3231	0.66036707
499.4462	0.67292935
499.5692	0.63882792
499.6923	0.61347359
499.8154	0.62305129
499.9385	0.61934161
500.0615	0.58594710
500.1846	0.58107752
500.3077	0.60462385
500.4308	0.63004029
500.5538	0.67015153
500.6769	0.68442917
500.8000	0.67347503
500.9231	0.65808392
501.0461	0.64726937
501.1692	0.61579126
501.2923	0.60946691
501.4154	0.62063235
501.5385	0.58744645
501.6615	0.59376782
501.7846	0.60215509
501.9077	0.61602223
502.0308	0.66278148
502.1538	0.69044262
502.2769	0.68614089
502.4000	0.65051973
502.5231	0.64919937
502.6461	0.62919641
502.7692	0.60107160
502.8923	0.61526495
503.0154	0.59568679
503.1385	0.59297603
503.2615	0.60495687
503.3846	0.60790223
503.5077	0.64596766
503.6308	0.68899578
503.7538	0.69328916
503.8769	0.66242957
504.0000	0.64534372
