# TMM+ASM Intensity at z=40, theta=10.0 deg
# Wavelength: 520 nm, CG: 550um n=1.52
# AR: SiO2(34.6)/TiO2(25.9)/SiO2(20.7)/TiO2(169.5) nm
# Columns: x_um	intensity
# N_points: 4096
0.0000	0.67689055
0.1231	0.70006758
0.2462	0.69601417
0.3692	0.70169008
0.4923	0.73603171
0.6154	0.74136966
0.7385	0.72370112
0.8615	0.71427649
0.9846	0.69849706
1.1077	0.69488668
1.2308	0.68690228
1.3538	0.65183741
1.4769	0.62455380
1.6000	0.60679972
1.7231	0.59783792
1.8462	0.59503084
1.9692	0.57198107
2.0923	0.55510277
2.2154	0.56255335
2.3385	0.57669282
2.4615	0.58889633
2.5846	0.59715021
2.7077	0.60479921
2.8308	0.62280387
2.9538	0.65644687
3.0769	0.68479908
3.2000	0.69302893
3.3231	0.69584936
3.4462	0.70850879
3.5692	0.74357295
3.6923	0.74858558
3.8154	0.71560347
3.9385	0.72215331
4.0615	0.72246051
4.1846	0.69436103
4.3077	0.69512790
4.4308	0.67219824
4.5538	0.62781441
4.6769	0.61550891
4.8000	0.61659098
4.9231	0.60594618
5.0462	0.56342369
5.1692	0.54793179
5.2923	0.57784444
5.4154	0.56744123
5.5385	0.55865967
5.6615	0.58818388
5.7846	0.58675951
5.9077	0.59027219
6.0308	0.63766032
6.1538	0.66717553
6.2769	0.65829992
6.4000	0.66581094
6.5231	0.71045822
6.6462	0.73941541
6.7692	0.72621244
6.8923	0.72356832
7.0154	0.74190515
7.1385	0.73722529
7.2615	0.72675568
7.3846	0.72879153
7.5077	0.70262659
7.6308	0.66753244
7.7538	0.66420949
7.8769	0.66240227
8.0000	0.63049227
8.1231	0.59007466
8.2462	0.57815135
8.3692	0.58684057
8.4923	0.57486427
8.6154	0.55009025
8.7385	0.55184883
8.8615	0.56328845
8.9846	0.56057405
9.1077	0.58312017
9.2308	0.60915846
9.3538	0.59784484
9.4769	0.61455303
9.6000	0.66092044
9.7231	0.68711746
9.8462	0.69035059
9.9692	0.68499970
10.0923	0.72500265
10.2154	0.75549817
10.3385	0.73012680
10.4615	0.74558496
10.5846	0.75087208
10.7077	0.72048426
10.8308	0.73332453
10.9538	0.73197794
11.0769	0.69870824
11.2000	0.66493374
11.3231	0.64986277
11.4462	0.66460061
11.5692	0.62840557
11.6923	0.57919222
11.8154	0.58414549
11.9385	0.57854486
12.0615	0.55948818
12.1846	0.55449408
12.3077	0.55427134
12.4308	0.54586071
12.5538	0.54575211
12.6769	0.58255690
12.8000	0.59525222
12.9231	0.58265233
13.0462	0.60271323
13.1692	0.64212763
13.2923	0.67458552
13.4154	0.66983497
13.5385	0.68120539
13.6615	0.72397232
13.7846	0.72312760
13.9077	0.73890126
14.0308	0.76565492
14.1538	0.74126720
14.2769	0.73725998
14.4000	0.75516540
14.5231	0.75813699
14.6462	0.73139352
14.7692	0.69114983
14.8923	0.69849277
15.0154	0.69862086
15.1385	0.65572011
15.2615	0.63292015
15.3846	0.61862057
15.5077	0.59458065
15.6308	0.58359873
15.7538	0.58051097
15.8769	0.55450857
16.0000	0.53367430
16.1231	0.54428321
16.2462	0.55148882
16.3692	0.55551785
16.4923	0.54888666
16.6154	0.54882228
16.7385	0.58701551
16.8615	0.60419065
16.9846	0.61251718
17.1077	0.63262928
17.2308	0.64339173
17.3538	0.67732584
17.4769	0.70158750
17.6000	0.71405166
17.7231	0.73078662
17.8462	0.72215730
17.9692	0.75267720
18.0923	0.78689897
18.2154	0.75574350
18.3385	0.74260217
18.4615	0.76201344
18.5846	0.76332635
18.7077	0.73770642
18.8308	0.72226971
18.9538	0.71327204
19.0769	0.67856127
19.2000	0.67324275
19.3231	0.67033899
19.4462	0.62403232
19.5692	0.59717906
19.6923	0.58965087
19.8154	0.58944893
19.9385	0.56917816
20.0615	0.53208244
20.1846	0.54011106
20.3077	0.53974760
20.4308	0.53095722
20.5538	0.54810220
20.6769	0.53417480
20.8000	0.53679359
20.9231	0.56646091
21.0462	0.58111954
21.1692	0.60030812
21.2923	0.60168260
21.4154	0.61553985
21.5385	0.66365379
21.6615	0.68087655
21.7846	0.68533170
21.9077	0.70609009
22.0308	0.72262216
22.1538	0.74556810
22.2769	0.76643020
22.4000	0.76499641
22.5231	0.76193535
22.6462	0.77097011
22.7692	0.78288245
22.8923	0.78472394
23.0154	0.76294732
23.1385	0.74074310
23.2615	0.74505645
23.3846	0.74524271
23.5077	0.71591306
23.6308	0.68331122
23.7538	0.66849107
23.8769	0.65992785
24.0000	0.64076149
24.1231	0.61470807
24.2462	0.58913237
24.3692	0.57259357
24.4923	0.56034738
24.6154	0.55508685
24.7385	0.54613471
24.8615	0.51278144
24.9846	0.51162910
25.1077	0.53853583
25.2308	0.52446026
25.3538	0.51897913
25.4769	0.53119224
25.6000	0.53648758
25.7231	0.56149638
25.8462	0.57675910
25.9692	0.58553791
26.0923	0.60023099
26.2154	0.61365587
26.3385	0.65798402
26.4615	0.68102300
26.5846	0.66994935
26.7077	0.69654024
26.8308	0.73231971
26.9538	0.74876130
27.0769	0.75918901
27.2000	0.76162565
27.3231	0.77380300
27.4462	0.79397148
27.5692	0.79986131
27.6923	0.79679340
27.8154	0.79062289
27.9385	0.78078169
28.0615	0.78702372
28.1846	0.79416180
28.3077	0.75935298
28.4308	0.73147976
28.5538	0.73700088
28.6769	0.72675091
28.8000	0.70169282
28.9231	0.67185467
29.0462	0.64632493
29.1692	0.64111418
29.2923	0.62643683
29.4154	0.59703565
29.5385	0.57363319
29.6615	0.55682337
29.7846	0.54580349
29.9077	0.54103988
30.0308	0.52624542
30.1538	0.50272292
30.2769	0.49836493
30.4000	0.50768334
30.5231	0.51151419
30.6462	0.50339192
30.7692	0.49170929
30.8923	0.51458031
31.0154	0.53662413
31.1385	0.53057647
31.2615	0.55123961
31.3846	0.56376857
31.5077	0.56846488
31.6308	0.61143529
31.7538	0.63212591
31.8769	0.63164234
32.0000	0.64957541
32.1231	0.67977679
32.2462	0.71933997
32.3692	0.72365302
32.4923	0.72067642
32.6154	0.75880641
32.7385	0.78078562
32.8615	0.78679818
32.9846	0.80407012
33.1077	0.80366194
33.2308	0.80795276
33.3538	0.82934052
33.4769	0.83707553
33.6000	0.82530832
33.7231	0.81228125
33.8462	0.81594884
33.9692	0.82704544
34.0923	0.81502849
34.2154	0.78354496
34.3385	0.76842713
34.4615	0.77485561
34.5846	0.76386249
34.7077	0.73003757
34.8308	0.70512795
34.9538	0.69219995
35.0769	0.68307972
35.2000	0.66102076
35.3231	0.62821746
35.4462	0.61466950
35.5692	0.59196281
35.6923	0.56950015
35.8154	0.57668930
35.9385	0.54301548
36.0615	0.50143445
36.1846	0.51726431
36.3077	0.51638091
36.4308	0.48786134
36.5538	0.47168583
36.6769	0.47001728
36.8000	0.48043263
36.9231	0.46915981
37.0462	0.46655098
37.1692	0.47852638
37.2923	0.46334121
37.4154	0.47876158
37.5385	0.51123142
37.6615	0.49967545
37.7846	0.49992388
37.9077	0.52628005
38.0308	0.55105555
38.1538	0.56807417
38.2769	0.57248759
38.4000	0.58603990
38.5231	0.61744624
38.6462	0.64678782
38.7692	0.65767658
38.8923	0.66945910
39.0154	0.69771671
39.1385	0.71575135
39.2615	0.74009365
39.3846	0.76987749
39.5077	0.76875627
39.6308	0.77711570
39.7538	0.81504416
39.8769	0.84381807
40.0000	0.83889413
40.1231	0.82569182
40.2462	0.86334461
40.3692	0.89574122
40.4923	0.87048656
40.6154	0.87360871
40.7385	0.89114583
40.8615	0.88616765
40.9846	0.89635473
41.1077	0.89137501
41.2308	0.87667269
41.3538	0.87770069
41.4769	0.86587852
41.6000	0.87016749
41.7231	0.86992729
41.8462	0.82146049
41.9692	0.80791229
42.0923	0.83990586
42.2154	0.81296724
42.3385	0.75563931
42.4615	0.75426084
42.5846	0.76344931
42.7077	0.73060590
42.8308	0.69692880
42.9538	0.68610251
43.0769	0.67148167
43.2000	0.63960129
43.3231	0.62789124
43.4462	0.62317175
43.5692	0.57543832
43.6923	0.55132848
43.8154	0.56514758
43.9385	0.54175943
44.0615	0.50562233
44.1846	0.48674580
44.3077	0.48218492
44.4308	0.48284864
44.5538	0.45522237
44.6769	0.42935351
44.8000	0.43134588
44.9231	0.43091241
45.0462	0.41346794
45.1692	0.40412158
45.2923	0.40801370
45.4154	0.39172259
45.5385	0.38828877
45.6615	0.41062564
45.7846	0.40006632
45.9077	0.38346153
46.0308	0.39237809
46.1538	0.41956764
46.2769	0.42692831
46.4000	0.39813888
46.5231	0.42186940
46.6462	0.45737654
46.7692	0.44249341
46.8923	0.46058545
47.0154	0.48044476
47.1385	0.48299283
47.2615	0.50385094
47.3846	0.52266449
47.5077	0.55183256
47.6308	0.55250299
47.7538	0.55086380
47.8769	0.60860020
48.0000	0.63482255
48.1231	0.61875272
48.2462	0.63788110
48.3692	0.68354756
48.4923	0.71075058
48.6154	0.70912540
48.7385	0.72925383
48.8615	0.76255989
48.9846	0.77921808
49.1077	0.80287331
49.2308	0.82428443
49.3538	0.84081346
49.4769	0.85322893
49.6000	0.87545353
49.7231	0.92095107
49.8462	0.92341864
49.9692	0.91227633
50.0923	0.95345271
50.2154	0.99110878
50.3385	0.99668628
50.4615	0.98826259
50.5846	1.00154543
50.7077	1.05358970
50.8308	1.06115925
50.9538	1.03747189
51.0769	1.06982613
51.2000	1.09212840
51.3231	1.08276868
51.4462	1.10893512
51.5692	1.11775267
51.6923	1.10049522
51.8154	1.11955786
51.9385	1.14153934
52.0615	1.14448452
52.1846	1.13035035
52.3077	1.12099254
52.4308	1.15433168
52.5538	1.16639090
52.6769	1.13477457
52.8000	1.13020575
52.9231	1.14522171
53.0462	1.15409374
53.1692	1.14794874
53.2923	1.12310076
53.4154	1.11959362
53.5385	1.13908219
53.6615	1.13114500
53.7846	1.10656655
53.9077	1.10353935
54.0308	1.10079050
54.1538	1.09057331
54.2769	1.09141755
54.4000	1.07643890
54.5231	1.05298460
54.6462	1.04654813
54.7692	1.04970872
54.8923	1.04683459
55.0154	1.01114392
55.1385	0.98162514
55.2615	1.00506282
55.3846	1.00732422
55.5077	0.95319700
55.6308	0.93239367
55.7538	0.95181930
55.8769	0.93654054
56.0000	0.90605038
56.1231	0.89002395
56.2462	0.87612748
56.3692	0.87255520
56.4923	0.85064983
56.6154	0.83059072
56.7385	0.82776821
56.8615	0.79034019
56.9846	0.77927238
57.1077	0.79418749
57.2308	0.75406426
57.3538	0.72102875
57.4769	0.71841305
57.6000	0.72105312
57.7231	0.70520264
57.8462	0.65241063
57.9692	0.64565003
58.0923	0.66613650
58.2154	0.63062871
58.3385	0.59570909
58.4615	0.59274364
58.5846	0.58676761
58.7077	0.56330961
58.8308	0.54511237
58.9538	0.53781325
59.0769	0.51402926
59.2000	0.49579871
59.3231	0.49366179
59.4462	0.48221329
59.5692	0.45420235
59.6923	0.42870665
59.8154	0.43740743
59.9385	0.43506402
60.0615	0.39057449
60.1846	0.37616307
60.3077	0.38532925
60.4308	0.36935520
60.5538	0.34767985
60.6769	0.33223969
60.8000	0.32132372
60.9231	0.31846920
61.0462	0.30612403
61.1692	0.28408155
61.2923	0.27539015
61.4154	0.26903433
61.5385	0.25712353
61.6615	0.24933891
61.7846	0.23238231
61.9077	0.22283459
62.0308	0.21736372
62.1538	0.20549993
62.2769	0.20452146
62.4000	0.18539767
62.5231	0.16855875
62.6462	0.18208744
62.7692	0.17062566
62.8923	0.14807710
63.0154	0.14560826
63.1385	0.14424495
63.2615	0.14165124
63.3846	0.12836665
63.5077	0.11656654
63.6308	0.11768200
63.7538	0.11763807
63.8769	0.10960732
64.0000	0.09565581
64.1231	0.09729874
64.2462	0.10172199
64.3692	0.08675702
64.4923	0.08608755
64.6154	0.08815610
64.7385	0.07873631
64.8615	0.07909791
64.9846	0.08010786
65.1077	0.07864310
65.2308	0.07237592
65.3538	0.06977752
65.4769	0.08228493
65.6000	0.07720598
65.7231	0.06629100
65.8462	0.07593631
65.9692	0.08187319
66.0923	0.07973275
66.2154	0.07777170
66.3385	0.07856439
66.4615	0.08878037
66.5846	0.09429873
66.7077	0.09020722
66.8308	0.09048121
66.9538	0.10335113
67.0769	0.11274647
67.2000	0.10827509
67.3231	0.11403763
67.4462	0.12331323
67.5692	0.13157186
67.6923	0.14118002
67.8154	0.13917463
67.9385	0.15050453
68.0615	0.16535929
68.1846	0.16530432
68.3077	0.18121743
68.4308	0.19045724
68.5538	0.19136907
68.6769	0.20727077
68.8000	0.22440860
68.9231	0.23558217
69.0462	0.23392555
69.1692	0.24597993
69.2923	0.27735159
69.4154	0.28687692
69.5385	0.28422505
69.6615	0.29448465
69.7846	0.32924828
69.9077	0.34859568
70.0308	0.33597493
70.1538	0.35770586
70.2769	0.38782644
70.4000	0.39758307
70.5231	0.41185671
70.6462	0.42067984
70.7692	0.44765666
70.8923	0.46413571
71.0154	0.46787471
71.1385	0.50907832
71.2615	0.51647955
71.3846	0.50898898
71.5077	0.55517566
71.6308	0.58441007
71.7538	0.58025724
71.8769	0.58785605
72.0000	0.61838555
72.1231	0.65961730
72.2462	0.66264135
72.3692	0.65508181
72.4923	0.69349462
72.6154	0.72924751
72.7385	0.73152465
72.8615	0.74209416
72.9846	0.76499784
73.1077	0.78585732
73.2308	0.80563170
73.3538	0.82289577
73.4769	0.83519822
73.6000	0.84591669
73.7231	0.86854476
73.8462	0.89222604
73.9692	0.90592343
74.0923	0.90942740
74.2154	0.91534388
74.3385	0.95151162
74.4615	0.97185904
74.5846	0.96102464
74.7077	0.96948808
74.8308	0.98538208
74.9538	1.01989186
75.0769	1.02637160
75.2000	0.98867053
75.3231	1.02502406
75.4462	1.06220222
75.5692	1.03487349
75.6923	1.04025435
75.8154	1.04941916
75.9385	1.05328965
76.0615	1.06449842
76.1846	1.05686128
76.3077	1.05765557
76.4308	1.05373538
76.5538	1.04973197
76.6769	1.06312037
76.8000	1.05583286
76.9231	1.03402674
77.0462	1.02718484
77.1692	1.03566110
77.2923	1.03759575
77.4154	1.01397133
77.5385	0.97911793
77.6615	0.98576796
77.7846	1.01403689
77.9077	0.96532232
78.0308	0.91586661
78.1538	0.94805849
78.2769	0.94552124
78.4000	0.89154708
78.5231	0.87730318
78.6462	0.87901288
78.7692	0.85158938
78.8923	0.82512814
79.0154	0.81931996
79.1385	0.79783171
79.2615	0.76165819
79.3846	0.74557519
79.5077	0.74536133
79.6308	0.72043860
79.7538	0.67138463
79.8769	0.66158098
80.0000	0.66683382
80.1231	0.63422048
80.2462	0.60081738
80.3692	0.57750833
80.4923	0.57646048
80.6154	0.57420105
80.7385	0.52380162
80.8615	0.50340557
80.9846	0.51789385
81.1077	0.49449137
81.2308	0.47084907
81.3538	0.46153331
81.4769	0.44847628
81.6000	0.44753867
81.7231	0.43870860
81.8462	0.42094851
81.9692	0.41927215
82.0923	0.42035186
82.2154	0.41404423
82.3385	0.41462824
82.4615	0.41460744
82.5846	0.41171348
82.7077	0.41753620
82.8308	0.42938238
82.9538	0.43525314
83.0769	0.43332246
83.2000	0.44066080
83.3231	0.46612102
83.4462	0.48331821
83.5692	0.47858214
83.6923	0.48382133
83.8154	0.52340913
83.9385	0.55147225
84.0615	0.54010463
84.1846	0.55070800
84.3077	0.59302044
84.4308	0.62465668
84.5538	0.62435091
84.6769	0.62122571
84.8000	0.67469072
84.9231	0.70649159
85.0462	0.68662167
85.1692	0.72412860
85.2923	0.75328231
85.4154	0.74885118
85.5385	0.78289688
85.6615	0.80054003
85.7846	0.80599260
85.9077	0.81752145
86.0308	0.82878333
86.1538	0.86080629
86.2769	0.86033446
86.4000	0.84554034
86.5231	0.86357826
86.6462	0.88377964
86.7692	0.88586289
86.8923	0.86379236
87.0154	0.85636282
87.1385	0.87912178
87.2615	0.88100493
87.3846	0.84971321
87.5077	0.82761556
87.6308	0.84296656
87.7538	0.84054285
87.8769	0.80307996
88.0000	0.78781193
88.1231	0.77706999
88.2462	0.76334006
88.3692	0.75099581
88.4923	0.71581078
88.6154	0.69599819
88.7385	0.69173056
88.8615	0.65960574
88.9846	0.64013922
89.1077	0.63146657
89.2308	0.59541106
89.3538	0.57654721
89.4769	0.57736927
89.6000	0.55490619
89.7231	0.52823365
89.8462	0.51060683
89.9692	0.51225233
90.0923	0.51633871
90.2154	0.48081255
90.3385	0.46394992
90.4615	0.49009103
90.5846	0.49156466
90.7077	0.46901911
90.8308	0.46289730
90.9538	0.48635548
91.0769	0.50826824
91.2000	0.49280953
91.3231	0.49089563
91.4462	0.52755076
91.5692	0.54748517
91.6923	0.54404169
91.8154	0.56183833
91.9385	0.58963025
92.0615	0.60135901
92.1846	0.62737364
92.3077	0.65047979
92.4308	0.65196204
92.5538	0.68308735
92.6769	0.71310472
92.8000	0.71764719
92.9231	0.73928910
93.0462	0.75762850
93.1692	0.76372737
93.2923	0.78568053
93.4154	0.80768061
93.5385	0.80247670
93.6615	0.79512537
93.7846	0.81913882
93.9077	0.83969933
94.0308	0.81972247
94.1538	0.79061574
94.2769	0.81233609
94.4000	0.83433986
94.5231	0.78658295
94.6462	0.76501226
94.7692	0.77392715
94.8923	0.76024294
95.0154	0.74945867
95.1385	0.70579624
95.2615	0.68514127
95.3846	0.70230961
95.5077	0.66109860
95.6308	0.62740475
95.7538	0.62321085
95.8769	0.60395825
96.0000	0.58389819
96.1231	0.56086409
96.2462	0.55552959
96.3692	0.54101557
96.4923	0.51385242
96.6154	0.52259094
96.7385	0.52098489
96.8615	0.50024033
96.9846	0.49698117
97.1077	0.50994277
97.2308	0.52599353
97.3538	0.51034075
97.4769	0.51490009
97.6000	0.54803836
97.7231	0.55420321
97.8462	0.57290661
97.9692	0.57995003
98.0923	0.58569396
98.2154	0.64303368
98.3385	0.65482736
98.4615	0.64124656
98.5846	0.67598087
98.7077	0.71209526
98.8308	0.73487115
98.9538	0.72638232
99.0769	0.72927612
99.2000	0.78067344
99.3231	0.79096144
99.4462	0.76791006
99.5692	0.77893227
99.6923	0.79995114
99.8154	0.79658335
99.9385	0.78145570
100.0615	0.77889055
100.1846	0.77463841
100.3077	0.76101458
100.4308	0.74417746
100.5538	0.73336297
100.6769	0.72246051
100.8000	0.68522233
100.9231	0.66669464
101.0462	0.67459071
101.1692	0.63910019
101.2923	0.59908324
101.4154	0.59638286
101.5385	0.59200728
101.6615	0.57024854
101.7846	0.54190981
101.9077	0.52979463
102.0308	0.54070336
102.1538	0.53949583
102.2769	0.51472908
102.4000	0.50975251
102.5231	0.53704113
102.6462	0.54769742
102.7692	0.53952551
102.8923	0.54448283
103.0154	0.56818986
103.1385	0.60630345
103.2615	0.60974824
103.3846	0.60159111
103.5077	0.64735377
103.6308	0.68129778
103.7538	0.68331230
103.8769	0.69524503
104.0000	0.70999306
104.1231	0.74900949
104.2462	0.75919968
104.3692	0.73933828
104.4923	0.77006304
104.6154	0.78419244
104.7385	0.76185387
104.8615	0.76943779
104.9846	0.77673459
105.1077	0.75441265
105.2308	0.73256886
105.3538	0.73884726
105.4769	0.73117834
105.6000	0.68844557
105.7231	0.66736817
105.8462	0.66575170
105.9692	0.65252399
106.0923	0.61683601
106.2154	0.58583111
106.3385	0.58801538
106.4615	0.58053404
106.5846	0.55587363
106.7077	0.54008663
106.8308	0.52960593
106.9538	0.54581928
107.0769	0.55391914
107.2000	0.52299559
107.3231	0.53159153
107.4462	0.57695216
107.5692	0.58020484
107.6923	0.57088411
107.8154	0.59304672
107.9385	0.62804395
108.0615	0.65700912
108.1846	0.65600085
108.3077	0.65948957
108.4308	0.70985508
108.5538	0.73180413
108.6769	0.72003430
108.8000	0.73711497
108.9231	0.75302875
109.0462	0.76510847
109.1692	0.76191932
109.2923	0.74776703
109.4154	0.76002318
109.5385	0.74841422
109.6615	0.72458768
109.7846	0.72498477
109.9077	0.70904207
110.0308	0.67704409
110.1538	0.65633178
110.2769	0.65659714
110.4000	0.63249493
110.5231	0.59173375
110.6462	0.58928883
110.7692	0.57946783
110.8923	0.56440496
111.0154	0.55659348
111.1385	0.53318346
111.2615	0.54611123
111.3846	0.56278628
111.5077	0.54931259
111.6308	0.55330950
111.7538	0.56641757
111.8769	0.60336101
112.0000	0.62305760
112.1231	0.59807193
112.2462	0.63589758
112.3692	0.69477791
112.4923	0.68699461
112.6154	0.68095118
112.7385	0.71238095
112.8615	0.74818957
112.9846	0.74989820
113.1077	0.73444790
113.2308	0.73947662
113.3538	0.75910115
113.4769	0.75765157
113.6000	0.72409928
113.7231	0.71406049
113.8462	0.71590430
113.9692	0.69345582
114.0923	0.67295808
114.2154	0.64626694
114.3385	0.62760437
114.4615	0.62252104
114.5846	0.59532100
114.7077	0.57394809
114.8308	0.56955129
114.9538	0.56173587
115.0769	0.55271459
115.2000	0.55149305
115.3231	0.55710810
115.4462	0.56213367
115.5692	0.57254517
115.6923	0.58610010
115.8154	0.60486972
115.9385	0.62738860
116.0615	0.63077557
116.1846	0.65830153
116.3077	0.69928092
116.4308	0.69163543
116.5538	0.69985330
116.6769	0.73220837
116.8000	0.74639887
116.9231	0.74745560
117.0462	0.72296971
117.1692	0.73244137
117.2923	0.76238292
117.4154	0.72072417
117.5385	0.68438560
117.6615	0.69477856
117.7846	0.68639952
117.9077	0.65649951
118.0308	0.62370420
118.1538	0.60412288
118.2769	0.60560286
118.4000	0.59525061
118.5231	0.56346381
118.6462	0.54650247
118.7692	0.56422895
118.8923	0.57850993
119.0154	0.55820185
119.1385	0.55443215
119.2615	0.59047854
119.3846	0.61946207
119.5077	0.61896443
119.6308	0.61743873
119.7538	0.65962815
119.8769	0.70143861
120.0000	0.68722188
120.1231	0.69836926
120.2462	0.72999656
120.3692	0.73338532
120.4923	0.74270523
120.6154	0.72929978
120.7385	0.72442484
120.8615	0.73614985
120.9846	0.70424426
121.1077	0.69248861
121.2308	0.68422300
121.3538	0.64790988
121.4769	0.64061141
121.6000	0.62219429
121.7231	0.59516114
121.8462	0.58882034
121.9692	0.57446140
122.0923	0.56287390
122.2154	0.56483430
122.3385	0.57072288
122.4615	0.56730920
122.5846	0.57193500
122.7077	0.60497451
122.8308	0.61674416
122.9538	0.62056190
123.0769	0.64721501
123.2000	0.67214161
123.3231	0.69976759
123.4462	0.70024657
123.5692	0.69777268
123.6923	0.73732829
123.8154	0.74762595
123.9385	0.72195029
124.0615	0.71066523
124.1846	0.72015715
124.3077	0.72603965
124.4308	0.68594062
124.5538	0.64613992
124.6769	0.65490782
124.8000	0.65212643
124.9231	0.60623425
125.0462	0.58176440
125.1692	0.58511955
125.2923	0.57714367
125.4154	0.57749510
125.5385	0.56563771
125.6615	0.54981399
125.7846	0.59443539
125.9077	0.62025607
126.0308	0.59189689
126.1538	0.61268085
126.2769	0.66533613
126.4000	0.68625307
126.5231	0.67710066
126.6462	0.68344426
126.7692	0.72718936
126.8923	0.73992121
127.0154	0.71822625
127.1385	0.71453106
127.2615	0.72177058
127.3846	0.71883005
127.5077	0.69405091
127.6308	0.66902751
127.7538	0.65344119
127.8769	0.64260173
128.0000	0.62809378
128.1231	0.59199715
128.2462	0.57892871
128.3692	0.59022057
128.4923	0.57335389
128.6154	0.56496340
128.7385	0.57622302
128.8615	0.58375943
128.9846	0.60671723
129.1077	0.61590838
129.2308	0.62133580
129.3539	0.66243339
129.4769	0.68043166
129.6000	0.67962366
129.7231	0.70861053
129.8462	0.72041279
129.9692	0.71856403
130.0923	0.72295922
130.2154	0.71707129
130.3385	0.71676451
130.4615	0.69778574
130.5846	0.66711318
130.7077	0.66768473
130.8308	0.65366632
130.9538	0.61374086
131.0769	0.59690881
131.2000	0.59786487
131.3231	0.58759040
131.4462	0.56955212
131.5692	0.57092053
131.6923	0.58056033
131.8154	0.59140295
131.9385	0.61148739
132.0615	0.61328298
132.1846	0.62796658
132.3077	0.67385733
132.4308	0.68612188
132.5538	0.68348831
132.6769	0.69710732
132.8000	0.72323960
132.9231	0.74255788
133.0462	0.70383859
133.1692	0.68783438
133.2923	0.72215277
133.4154	0.69681334
133.5385	0.65114713
133.6615	0.63817257
133.7846	0.62874156
133.9077	0.62372416
134.0308	0.59656566
134.1538	0.56413609
134.2769	0.57714432
134.4000	0.59581679
134.5231	0.58413410
134.6461	0.57822633
134.7692	0.60095960
134.8923	0.63613218
135.0154	0.65597975
135.1385	0.65292770
135.2615	0.66233873
135.3846	0.70943499
135.5077	0.73298854
135.6308	0.69968688
135.7538	0.69515300
135.8769	0.72876966
136.0000	0.72066087
136.1231	0.68031156
136.2462	0.65652490
136.3692	0.65617651
136.4923	0.65209770
136.6154	0.61384898
136.7385	0.58210468
136.8615	0.58915395
136.9846	0.59338009
137.1077	0.58320212
137.2308	0.57576013
137.3539	0.58128840
137.4769	0.61846071
137.6000	0.64272225
137.7231	0.62797612
137.8462	0.65001011
137.9692	0.69769365
138.0923	0.70499480
138.2154	0.70265973
138.3385	0.70406795
138.4615	0.70999402
138.5846	0.72779667
138.7077	0.69994581
138.8308	0.65891600
138.9538	0.66918600
139.0769	0.66400641
139.2000	0.61862326
139.3231	0.59686047
139.4462	0.59890670
139.5692	0.59270442
139.6923	0.58060795
139.8154	0.58029413
139.9385	0.58893704
140.0615	0.60467178
140.1846	0.63040209
140.3077	0.63897276
140.4308	0.64696038
140.5538	0.68076849
140.6769	0.70577049
140.8000	0.70453298
140.9231	0.69660550
141.0462	0.71287060
141.1692	0.72577977
141.2923	0.68387556
141.4154	0.66885018
141.5385	0.67908615
141.6615	0.63832849
141.7846	0.61814213
141.9077	0.61331421
142.0308	0.58686066
142.1538	0.59042329
142.2769	0.58828157
142.4000	0.57876754
142.5231	0.60068733
142.6461	0.61340779
142.7692	0.62862539
142.8923	0.64958018
143.0154	0.66274011
143.1385	0.68865681
143.2615	0.70086795
143.3846	0.70394951
143.5077	0.70975327
143.6308	0.70764667
143.7538	0.70275843
143.8769	0.67782176
144.0000	0.66479504
144.1231	0.65535557
144.2462	0.62462378
144.3692	0.60996163
144.4923	0.59368521
144.6154	0.58912569
144.7385	0.59726244
144.8615	0.57718748
144.9846	0.59298491
145.1077	0.62819952
145.2308	0.62374443
145.3539	0.64440566
145.4769	0.67286694
145.6000	0.68403888
145.7231	0.70248461
145.8462	0.70472836
145.9692	0.70282328
146.0923	0.70650500
146.2154	0.69825798
146.3385	0.67733181
146.4615	0.65410602
146.5846	0.64018607
146.7077	0.62677175
146.8308	0.61207420
146.9538	0.58567619
147.0769	0.57770348
147.2000	0.60539490
147.3231	0.59819478
147.4462	0.58962607
147.5692	0.62593704
147.6923	0.64965433
147.8154	0.66194433
147.9385	0.67369878
148.0615	0.68789923
148.1846	0.71054894
148.3077	0.71026033
148.4308	0.70064735
148.5538	0.68764150
148.6769	0.68089902
148.8000	0.67259991
148.9231	0.64170104
149.0462	0.61884451
149.1692	0.60115105
149.2923	0.60394669
149.4154	0.60447139
149.5385	0.56949580
149.6615	0.59016722
149.7846	0.62940669
149.9077	0.61938310
150.0308	0.63851744
150.1538	0.66016066
150.2769	0.68045485
150.4000	0.70990598
150.5231	0.69376552
150.6461	0.69288445
150.7692	0.70885825
150.8923	0.69680387
151.0154	0.67373163
151.1385	0.64490998
151.2615	0.63548797
151.3846	0.62871236
151.5077	0.60617054
151.6308	0.58657855
151.7538	0.58104730
151.8769	0.60356671
152.0000	0.61307514
152.1231	0.60605097
152.2462	0.62836516
152.3692	0.66052508
152.4923	0.68467712
152.6154	0.68630064
152.7385	0.68087733
152.8615	0.71017975
152.9846	0.71918762
153.1077	0.68122804
153.2308	0.66576391
153.3539	0.66758382
153.4769	0.64373022
153.6000	0.62297851
153.7231	0.60563326
153.8462	0.58270150
153.9692	0.59932065
154.0923	0.60901856
154.2154	0.59019309
154.3385	0.61087626
154.4615	0.64162987
154.5846	0.66289896
154.7077	0.67610508
154.8308	0.67064548
154.9538	0.70061153
155.0769	0.72105032
155.2000	0.69268441
155.3231	0.67574108
155.4462	0.67396808
155.5692	0.66874379
155.6923	0.63552326
155.8154	0.60768145
155.9385	0.60498190
156.0615	0.59556794
156.1846	0.60040909
156.3077	0.59899092
156.4308	0.59467322
156.5538	0.63021004
156.6769	0.65281636
156.8000	0.66270858
156.9231	0.67276561
157.0462	0.68308771
157.1692	0.71923256
157.2923	0.70482975
157.4154	0.66950721
157.5385	0.68482691
157.6615	0.67600513
157.7846	0.63825905
157.9077	0.62113142
158.0308	0.60797602
158.1538	0.59621924
158.2769	0.60136259
158.4000	0.60111308
158.5231	0.59249604
158.6461	0.62247771
158.7692	0.65327632
158.8923	0.65348279
159.0154	0.67248505
159.1385	0.68983710
159.2615	0.70021534
159.3846	0.70675492
159.5077	0.68593562
159.6308	0.67285305
159.7538	0.66840923
159.8769	0.65093017
160.0000	0.62235886
160.1231	0.59903336
160.2462	0.60354984
160.3692	0.60273540
160.4923	0.59443665
160.6154	0.60576844
160.7385	0.62392110
160.8615	0.64686966
160.9846	0.66043979
161.1077	0.67892128
161.2308	0.69536418
161.3539	0.68571162
161.4769	0.70498908
161.6000	0.70150596
161.7231	0.65281719
161.8462	0.65924817
161.9692	0.65483725
162.0923	0.60907316
162.2154	0.60243487
162.3385	0.60190564
162.4615	0.59435666
162.5846	0.60567266
162.7077	0.61747599
162.8308	0.63020086
162.9538	0.64847291
163.0769	0.67194301
163.2000	0.69374758
163.3231	0.69042414
163.4462	0.68828571
163.5692	0.69697595
163.6923	0.68807530
163.8154	0.66044939
163.9385	0.63454610
164.0615	0.63023543
164.1846	0.61941278
164.3077	0.59457195
164.4308	0.59528136
164.5538	0.59975290
164.6769	0.61126977
164.8000	0.64237905
164.9231	0.64152998
165.0462	0.65386748
165.1692	0.69312000
165.2923	0.69610262
165.4154	0.69676131
165.5385	0.68750489
165.6615	0.66928715
165.7846	0.68015695
165.9077	0.65436000
166.0308	0.60918117
166.1538	0.60689694
166.2769	0.61358088
166.4000	0.60511523
166.5231	0.59368730
166.6461	0.60374057
166.7692	0.63617408
166.8923	0.66173512
167.0154	0.66720080
167.1385	0.66737294
167.2615	0.69206691
167.3846	0.71084297
167.5077	0.69111544
167.6308	0.66828412
167.7538	0.65086561
167.8769	0.64786786
168.0000	0.64221931
168.1231	0.59830403
168.2462	0.57893682
168.3692	0.61201221
168.4923	0.62591028
168.6154	0.60963333
168.7385	0.62046278
168.8615	0.65935385
168.9846	0.68927032
169.1077	0.69340837
169.2308	0.67529881
169.3539	0.68195981
169.4769	0.70560580
169.6000	0.67623377
169.7231	0.63790548
169.8462	0.62483501
169.9692	0.61503655
170.0923	0.62247068
170.2154	0.60389978
170.3385	0.57529807
170.4615	0.61420345
170.5846	0.65740627
170.7077	0.64861411
170.8308	0.64613193
170.9538	0.67680222
171.0769	0.71169204
171.2000	0.70202446
171.3231	0.66970658
171.4462	0.66361874
171.5692	0.66544980
171.6923	0.64979392
171.8154	0.61510944
171.9385	0.59168518
172.0615	0.60102344
172.1846	0.61513948
172.3077	0.62050235
172.4308	0.61479050
172.5538	0.62935686
172.6769	0.68737704
172.8000	0.69503927
172.9231	0.66590488
173.0462	0.68938434
173.1692	0.69670153
173.2923	0.67718983
173.4154	0.65966576
173.5385	0.62183070
173.6615	0.61715823
173.7846	0.62400204
173.9077	0.59908146
174.0308	0.59611785
174.1538	0.61181337
174.2769	0.63199496
174.4000	0.65673560
174.5231	0.66487181
174.6461	0.67409682
174.7692	0.68954158
174.8923	0.69952983
175.0154	0.68763936
175.1385	0.65902370
175.2615	0.65082967
175.3846	0.63808203
175.5077	0.61758345
175.6308	0.60740232
175.7538	0.59453005
175.8769	0.60608959
176.0000	0.62555194
176.1231	0.63395995
176.2462	0.65848660
176.3692	0.66860336
176.4923	0.67419052
176.6154	0.70566130
176.7385	0.69727445
176.8615	0.65917313
176.9846	0.65863109
177.1077	0.65826893
177.2308	0.62645435
177.3539	0.60435331
177.4769	0.59759849
177.6000	0.60339952
177.7231	0.62550676
177.8462	0.62990534
177.9692	0.63277054
178.0923	0.66045487
178.2154	0.68845624
178.3385	0.70361573
178.4615	0.68149567
178.5846	0.65910977
178.7077	0.68014097
178.8308	0.67347103
178.9538	0.61971498
179.0769	0.59340358
179.2000	0.61406887
179.3231	0.62215167
179.4462	0.60507715
179.5692	0.61375058
179.6923	0.63443887
179.8154	0.66615951
179.9385	0.69907475
180.0615	0.67434436
180.1846	0.66579151
180.3077	0.69853103
180.4308	0.68689102
180.5538	0.64828908
180.6769	0.61779189
180.8000	0.61160362
180.9231	0.62658912
181.0462	0.61268997
181.1692	0.59023333
181.2923	0.61389035
181.4154	0.65648979
181.5385	0.66789305
181.6615	0.66759074
181.7846	0.67567122
181.9077	0.68940103
182.0308	0.69922751
182.1538	0.66904813
182.2769	0.63761282
182.4000	0.63435042
182.5231	0.62126410
182.6461	0.61235267
182.7692	0.60520583
182.8923	0.59949112
183.0154	0.62531835
183.1385	0.65391254
183.2615	0.66425604
183.3846	0.66650772
183.5077	0.68513739
183.6308	0.69830900
183.7538	0.67359793
183.8769	0.67007113
184.0000	0.65038002
184.1231	0.61273152
184.2462	0.62476599
184.3692	0.61582792
184.4923	0.59803909
184.6154	0.61269391
184.7385	0.62159443
184.8615	0.66237032
184.9846	0.68054909
185.1077	0.65868372
185.2308	0.68314576
185.3539	0.69806433
185.4769	0.68144345
185.6000	0.65549904
185.7231	0.62671900
185.8462	0.62250483
185.9692	0.62173593
186.0923	0.61525625
186.2154	0.59662843
186.3385	0.60177267
186.4615	0.66103202
186.5846	0.67690778
186.7077	0.65502143
186.8308	0.67043316
186.9538	0.69348747
187.0769	0.70128298
187.2000	0.66465825
187.3231	0.62375903
187.4462	0.63208163
187.5692	0.63083833
187.6923	0.60925126
187.8154	0.60095507
187.9385	0.60517406
188.0615	0.63504130
188.1846	0.67167217
188.3077	0.66836715
188.4308	0.65859288
188.5538	0.68992722
188.6769	0.70157576
188.8000	0.66688484
188.9231	0.64512336
189.0462	0.62959230
189.1692	0.62003928
189.2923	0.62053460
189.4154	0.60392702
189.5385	0.60533649
189.6615	0.63337761
189.7846	0.64899623
189.9077	0.66858315
190.0308	0.68492883
190.1538	0.67801964
190.2769	0.67602801
190.4000	0.68151808
190.5231	0.66422319
190.6461	0.62634969
190.7692	0.61162722
190.8923	0.61452013
191.0154	0.61281019
191.1385	0.62111354
191.2615	0.62109327
191.3846	0.63159639
191.5077	0.68030858
191.6308	0.69355839
191.7538	0.67528194
191.8769	0.67229998
192.0000	0.66532803
192.1231	0.67352670
192.2462	0.64829677
192.3692	0.59110218
192.4923	0.60158086
192.6154	0.63090414
192.7385	0.62368840
192.8615	0.62053990
192.9846	0.63349426
193.1077	0.67399681
193.2308	0.69960034
193.3539	0.68124604
193.4769	0.66707653
193.6000	0.66227388
193.7231	0.66287512
193.8462	0.64428258
193.9692	0.60649782
194.0923	0.59683371
194.2154	0.61133665
194.3385	0.63616508
194.4615	0.63849795
194.5846	0.63210493
194.7077	0.67696279
194.8308	0.69634008
194.9538	0.67283523
195.0769	0.68321061
195.2000	0.66497946
195.3231	0.62927645
195.4462	0.63503510
195.5692	0.62720156
195.6923	0.59953052
195.8154	0.60358435
195.9385	0.62748623
196.0615	0.64902908
196.1846	0.66848689
196.3077	0.67162353
196.4308	0.67046261
196.5538	0.68500543
196.6769	0.68636388
196.8000	0.65743053
196.9231	0.62078655
197.0462	0.60944325
197.1692	0.62649775
197.2923	0.62488216
197.4154	0.60520828
197.5385	0.61579502
197.6615	0.66105044
197.7846	0.69120067
197.9077	0.67783505
198.0308	0.66527581
198.1538	0.67051780
198.2769	0.67716467
198.4000	0.66002536
198.5231	0.60791981
198.6461	0.59798306
198.7692	0.62635958
198.8923	0.61979508
199.0154	0.62562650
199.1385	0.64538634
199.2615	0.65069854
199.3846	0.68549043
199.5077	0.70104259
199.6308	0.66775620
199.7538	0.65446961
199.8769	0.65671217
200.0000	0.63576359
200.1231	0.61469162
200.2462	0.61227989
200.3692	0.60803604
200.4923	0.61703849
200.6154	0.65049368
200.7385	0.67223221
200.8615	0.67019713
200.9846	0.66631651
201.1077	0.68086618
201.2308	0.68996000
201.3539	0.65358418
201.4769	0.61377770
201.6000	0.61270827
201.7231	0.62564623
201.8462	0.62178910
201.9692	0.61624241
202.0923	0.62837088
202.2154	0.65215111
202.3385	0.69453371
202.4615	0.69720578
202.5846	0.65079641
202.7077	0.66041315
202.8308	0.67487174
202.9538	0.63983667
203.0769	0.61457127
203.2000	0.59593189
203.3231	0.61106026
203.4462	0.64456767
203.5692	0.63787878
203.6923	0.64833826
203.8154	0.67424721
203.9385	0.68133008
204.0615	0.68663979
204.1846	0.67200148
204.3077	0.64594734
204.4308	0.62393856
204.5538	0.62022614
204.6769	0.62576437
204.8000	0.61028850
204.9231	0.61724079
205.0462	0.64166421
205.1692	0.65754247
205.2923	0.69179261
205.4154	0.68641204
205.5385	0.65577120
205.6615	0.66375893
205.7846	0.66127932
205.9077	0.64098948
206.0308	0.61010098
206.1538	0.58704519
206.2769	0.62348205
206.4000	0.65653932
206.5231	0.63999403
206.6461	0.64545608
206.7692	0.67688775
206.8923	0.69330418
207.0154	0.68589127
207.1385	0.65398932
207.2615	0.62595636
207.3846	0.62765658
207.5077	0.63116801
207.6308	0.61243904
207.7538	0.60811043
207.8769	0.63281858
208.0000	0.65544194
208.1231	0.67681915
208.2462	0.68619400
208.3692	0.66811240
208.4923	0.66389644
208.6154	0.66320032
208.7385	0.63716292
208.8615	0.62182504
208.9846	0.61294895
209.1077	0.59856975
209.2308	0.62569666
209.3539	0.67047489
209.4769	0.65918523
209.6000	0.64832020
209.7231	0.68230915
209.8462	0.69418889
209.9692	0.66989803
210.0923	0.63436270
210.2154	0.60965109
210.3385	0.62251711
210.4615	0.63015336
210.5846	0.61907583
210.7077	0.62367380
210.8308	0.64049941
210.9538	0.68048006
211.0769	0.70200157
211.2000	0.66472781
211.3231	0.65045553
211.4462	0.66231030
211.5692	0.64376527
211.6923	0.61662215
211.8154	0.61005437
211.9385	0.61580372
212.0615	0.62056953
212.1846	0.65034676
212.3077	0.68344539
212.4308	0.66643727
212.5538	0.66584009
212.6769	0.67892545
212.8000	0.66095865
212.9231	0.65168083
213.0462	0.61796278
213.1692	0.58999896
213.2923	0.62507337
213.4154	0.64404655
213.5385	0.63934553
213.6615	0.64893734
213.7846	0.65951926
213.9077	0.69243836
214.0308	0.69731706
214.1538	0.64935851
214.2769	0.62328261
214.4000	0.62913054
214.5231	0.63328803
214.6461	0.61714906
214.7692	0.60935760
214.8923	0.63384789
215.0154	0.66028219
215.1385	0.68100655
215.2615	0.68314856
215.3846	0.66560555
215.5077	0.66158473
215.6308	0.64530110
215.7538	0.63045150
215.8769	0.63085461
216.0000	0.60480535
216.1231	0.60282183
216.2462	0.64809239
216.3692	0.66935849
216.4923	0.67041552
216.6154	0.67152524
216.7385	0.66197491
216.8615	0.66857088
216.9846	0.66993380
217.1077	0.62602746
217.2308	0.59197414
217.3539	0.61181325
217.4769	0.64190185
217.6000	0.64725220
217.7231	0.64234459
217.8462	0.65472567
217.9692	0.68871331
218.0923	0.69080770
218.2154	0.65748173
218.3385	0.63937962
218.4615	0.62547958
218.5846	0.61286300
218.7077	0.62297583
218.8308	0.63383800
218.9538	0.62922710
219.0769	0.64324939
219.2000	0.68108994
219.3231	0.68765503
219.4462	0.67325795
219.5692	0.66217923
219.6923	0.62707871
219.8154	0.62088692
219.9385	0.64392555
220.0615	0.61798441
220.1846	0.60142940
220.3077	0.63622439
220.4308	0.67284620
220.5538	0.69234258
220.6769	0.67137790
220.8000	0.64769709
220.9231	0.66258073
221.0462	0.65584970
221.1692	0.62412679
221.2923	0.60876387
221.4154	0.60893756
221.5385	0.62802660
221.6615	0.65659016
221.7846	0.67192441
221.9077	0.66978776
222.0308	0.66662467
222.1538	0.66966844
222.2769	0.65847635
222.4000	0.64043087
222.5231	0.62106109
222.6461	0.59762919
222.7692	0.61427581
222.8923	0.65664047
223.0154	0.66078430
223.1385	0.65696555
223.2615	0.66385901
223.3846	0.67144579
223.5077	0.68909609
223.6308	0.65310889
223.7538	0.59749520
223.8769	0.61300915
224.0000	0.63449091
224.1231	0.62884772
224.2462	0.64139223
224.3692	0.65207434
224.4923	0.66601825
224.6154	0.68536532
224.7385	0.67951483
224.8615	0.65526897
224.9846	0.62636399
225.1077	0.61606586
225.2308	0.62069315
225.3539	0.62813652
225.4769	0.64016157
225.6000	0.63804495
225.7231	0.65375394
225.8462	0.68872392
225.9692	0.68774736
226.0923	0.66619521
226.2154	0.62864804
226.3385	0.61011094
226.4615	0.64258230
226.5846	0.63493586
226.7077	0.60447103
226.8308	0.63224179
226.9538	0.66725934
227.0769	0.68205595
227.2000	0.68363225
227.3231	0.66192639
227.4462	0.64252865
227.5692	0.63512415
227.6923	0.62947136
227.8154	0.62248409
227.9385	0.61941034
228.0615	0.62593085
228.1846	0.64692980
228.3077	0.68300152
228.4308	0.68870258
228.5538	0.66458535
228.6769	0.64873064
228.8000	0.63218981
228.9231	0.63667357
229.0462	0.63880473
229.1692	0.60475630
229.2923	0.60541868
229.4154	0.65946805
229.5385	0.69072711
229.6615	0.67010975
229.7846	0.65957594
229.9077	0.66375697
230.0308	0.64260185
230.1538	0.63900149
230.2769	0.62924391
230.4000	0.60076386
230.5231	0.62392730
230.6461	0.64723563
230.7692	0.66387922
230.8923	0.69150245
231.0154	0.66597176
231.1385	0.65023613
231.2615	0.65157652
231.3846	0.64066011
231.5077	0.63594216
231.6308	0.60431957
231.7538	0.60415894
231.8769	0.64995003
232.0000	0.67705989
232.1231	0.68219584
232.2462	0.65451276
232.3692	0.65422082
232.4923	0.66908991
232.6154	0.63872540
232.7385	0.62401873
232.8615	0.60883874
232.9846	0.61093539
233.1077	0.65299928
233.2308	0.65929675
233.3539	0.67542380
233.4769	0.68339694
233.6000	0.64450347
233.7231	0.64862388
233.8462	0.65977156
233.9692	0.62707323
234.0923	0.60126472
234.2154	0.61308742
234.3385	0.64324826
234.4615	0.66799480
234.5846	0.68621975
234.7077	0.66304177
234.8308	0.64150906
234.9538	0.66840178
235.0769	0.65666974
235.2000	0.61286956
235.3231	0.60600370
235.4462	0.62312448
235.5692	0.64222580
235.6923	0.66087216
235.8154	0.68228638
235.9385	0.67282033
236.0615	0.65091580
236.1846	0.64980960
236.3077	0.64602637
236.4308	0.63622707
236.5538	0.60782510
236.6769	0.60231394
236.8000	0.65039617
236.9231	0.67314529
237.0462	0.67887056
237.1692	0.67142743
237.2923	0.63993889
237.4154	0.65422183
237.5385	0.65766579
237.6615	0.61752450
237.7846	0.60535789
237.9077	0.62268639
238.0308	0.64683235
238.1538	0.66650718
238.2769	0.68183404
238.4000	0.67366499
238.5231	0.64770257
238.6461	0.64316982
238.7692	0.63814712
238.8923	0.63141590
239.0154	0.62222415
239.1385	0.60727382
239.2615	0.63826513
239.3846	0.69012070
239.5077	0.68798423
239.6308	0.65505481
239.7538	0.64687872
239.8769	0.64477247
240.0000	0.63223255
240.1231	0.63321507
240.2462	0.61663222
240.3692	0.61427385
240.4923	0.66055554
240.6154	0.67345059
240.7385	0.67785442
240.8615	0.67845428
240.9846	0.63906229
241.1077	0.62786818
241.2308	0.62881869
241.3539	0.63204038
241.4769	0.63479888
241.6000	0.61909997
241.7231	0.64391053
241.8462	0.68536931
241.9692	0.69408941
242.0923	0.66431373
242.2154	0.62158275
242.3385	0.63197166
242.4615	0.63406914
242.5846	0.61831743
242.7077	0.63999873
242.8308	0.63936967
242.9538	0.64767432
243.0769	0.68329555
243.2000	0.67997247
243.3231	0.66461253
243.4462	0.63731647
243.5692	0.60756242
243.6923	0.61676157
243.8154	0.64136231
243.9385	0.64936286
244.0615	0.64373851
244.1846	0.65057194
244.3077	0.67298639
244.4308	0.68885082
244.5538	0.66242898
244.6769	0.61232013
244.8000	0.60953552
244.9231	0.63041174
245.0462	0.63295949
245.1692	0.64912224
245.2923	0.66919112
245.4154	0.66221213
245.5385	0.65461653
245.6615	0.67248654
245.7846	0.66182476
245.9077	0.61742532
246.0308	0.60734874
246.1538	0.61436504
246.2769	0.64092797
246.4000	0.68247360
246.5231	0.66784644
246.6461	0.64876449
246.7692	0.66193849
246.8923	0.65987891
247.0154	0.64521319
247.1385	0.62070268
247.2615	0.60652375
247.3846	0.62514669
247.5077	0.65431559
247.6308	0.67042840
247.7538	0.67971736
247.8769	0.67250627
248.0000	0.63578391
248.1231	0.62825656
248.2462	0.64952236
248.3692	0.63221288
248.4923	0.61078465
248.6154	0.62569088
248.7385	0.66064113
248.8615	0.68636644
248.9846	0.68250287
249.1077	0.65592992
249.2308	0.62415665
249.3539	0.62922680
249.4769	0.63494176
249.6000	0.62114060
249.7231	0.64426482
249.8462	0.64771557
249.9692	0.64680171
250.0923	0.68677956
250.2154	0.67829424
250.3385	0.65295428
250.4615	0.62636185
250.5846	0.59658468
250.7077	0.62755156
250.8308	0.65662682
250.9538	0.65346718
251.0769	0.64969504
251.2000	0.65502071
251.3231	0.68209302
251.4462	0.66507787
251.5692	0.63315505
251.6923	0.62633914
251.8154	0.60684836
251.9385	0.62147933
252.0615	0.65597880
252.1846	0.67536652
252.3077	0.67989922
252.4308	0.64615500
252.5538	0.64287984
252.6769	0.66028762
252.8000	0.63494503
252.9231	0.61957669
253.0462	0.61763662
253.1692	0.62414324
253.2923	0.66800725
253.4154	0.69743228
253.5385	0.66654420
253.6615	0.63933587
253.7846	0.64535815
253.9077	0.62677032
254.0308	0.61593080
254.1538	0.64734548
254.2769	0.64380306
254.4000	0.62950683
254.5231	0.66393626
254.6461	0.69228405
254.7692	0.67386955
254.8923	0.63745570
255.0154	0.61229026
255.1385	0.60959911
255.2615	0.63732940
255.3846	0.65903723
255.5077	0.64917725
255.6308	0.65805119
255.7538	0.66951048
255.8769	0.65684062
256.0000	0.65802002
256.1231	0.64117420
256.2462	0.60795200
256.3692	0.61315852
256.4923	0.63418669
256.6154	0.66443974
256.7385	0.69339490
256.8615	0.66653001
256.9846	0.63301939
257.1077	0.64262021
257.2308	0.64748889
257.3539	0.63050801
257.4769	0.61900002
257.6000	0.62892789
257.7231	0.65202004
257.8462	0.66974950
257.9692	0.68258846
258.0923	0.67159152
258.2154	0.63523424
258.3385	0.61346525
258.4615	0.61319119
258.5846	0.64171559
258.7077	0.66259456
258.8308	0.64217061
258.9539	0.65048045
259.0769	0.67259365
259.2000	0.66669136
259.3231	0.66071665
259.4462	0.62511009
259.5692	0.59991270
259.6923	0.62624091
259.8154	0.64615977
259.9385	0.66544604
260.0615	0.68255424
260.1846	0.66334212
260.3077	0.64057231
260.4308	0.63437146
260.5538	0.64183080
260.6769	0.64012086
260.8000	0.61963505
260.9231	0.62175333
261.0461	0.65647078
261.1692	0.69056505
261.2923	0.68116736
261.4154	0.64446521
261.5385	0.63181579
261.6615	0.62110925
261.7846	0.61185253
261.9077	0.64699638
262.0308	0.66798604
262.1538	0.64514041
262.2769	0.65474737
262.4000	0.67137241
262.5231	0.65525609
262.6461	0.65256488
262.7692	0.62832683
262.8923	0.59185052
263.0154	0.62608510
263.1385	0.67562127
263.2615	0.67404735
263.3846	0.66534120
263.5077	0.65982527
263.6308	0.63943499
263.7538	0.62331337
263.8769	0.63513207
264.0000	0.64262414
264.1231	0.63056362
264.2462	0.63878733
264.3692	0.65863180
264.4923	0.68191552
264.6154	0.68555176
264.7385	0.63543183
264.8615	0.60444796
264.9846	0.62084341
265.1077	0.63348061
265.2308	0.65122414
265.3539	0.67262620
265.4769	0.66297793
265.6000	0.64988250
265.7231	0.65411478
265.8462	0.64652210
265.9692	0.63547707
266.0923	0.62976009
266.2154	0.61314780
266.3385	0.63050735
266.4615	0.68079811
266.5846	0.69134176
266.7077	0.66502368
266.8308	0.63118947
266.9539	0.62007642
267.0769	0.62956530
267.2000	0.63031483
267.3231	0.64861602
267.4462	0.66081291
267.5692	0.65240020
267.6923	0.65661550
267.8154	0.66161877
267.9385	0.66634649
268.0615	0.63472652
268.1846	0.59567565
268.3077	0.62210989
268.4308	0.65015471
268.5538	0.67174399
268.6769	0.69005334
268.8000	0.65081757
268.9231	0.63626611
269.0461	0.63834882
269.1692	0.61976671
269.2923	0.63949257
269.4154	0.64936477
269.5385	0.63806558
269.6615	0.64954144
269.7846	0.66901821
269.9077	0.68154818
270.0308	0.65431690
270.1538	0.61800492
270.2769	0.60579014
270.4000	0.61858511
270.5231	0.66576517
270.6461	0.67385674
270.7692	0.65799260
270.8923	0.67127872
271.0154	0.64086437
271.1385	0.61517429
271.2615	0.64800662
271.3846	0.64801741
271.5077	0.61877286
271.6308	0.63429362
271.7538	0.66933692
271.8769	0.67526668
272.0000	0.67269510
272.1231	0.65284359
272.2462	0.60638297
272.3692	0.60788774
272.4923	0.64119685
272.6154	0.65217561
272.7385	0.67074418
272.8615	0.67560631
272.9846	0.64944112
273.1077	0.63167924
273.2308	0.63976413
273.3539	0.65103352
273.4769	0.62795049
273.6000	0.61844206
273.7231	0.64592761
273.8462	0.67126834
273.9692	0.68356991
274.0923	0.66214335
274.2154	0.63571405
274.3385	0.62149262
274.4615	0.60325944
274.5846	0.63512188
274.7077	0.67789215
274.8308	0.66832793
274.9539	0.66008097
275.0769	0.64490372
275.2000	0.63494897
275.3231	0.65231699
275.4462	0.63779104
275.5692	0.61871362
275.6923	0.63366210
275.8154	0.65393770
275.9385	0.66962075
276.0615	0.67623937
276.1846	0.66580731
276.3077	0.63018936
276.4308	0.60079843
276.5538	0.61870319
276.6769	0.65123534
276.8000	0.67294383
276.9231	0.67699802
277.0461	0.64531702
277.1692	0.63645726
277.2923	0.65609741
277.4154	0.63376188
277.5385	0.62276942
277.6615	0.64684486
277.7846	0.63791519
277.9077	0.64134932
278.0308	0.68106580
278.1538	0.68217158
278.2769	0.64796066
278.4000	0.61570650
278.5231	0.60490650
278.6461	0.62925881
278.7692	0.66237104
278.8923	0.67759097
279.0154	0.66668665
279.1385	0.64836335
279.2615	0.63940722
279.3846	0.62809956
279.5077	0.63465047
279.6308	0.64829290
279.7538	0.63762724
279.8769	0.64075661
280.0000	0.65747404
280.1231	0.67253244
280.2462	0.67837012
280.3692	0.63389635
280.4923	0.60089684
280.6154	0.62440610
280.7385	0.64089823
280.8615	0.65564263
280.9846	0.68837875
281.1077	0.67715001
281.2308	0.63076103
281.3539	0.61715245
281.4769	0.63269329
281.6000	0.64283931
281.7231	0.64873415
281.8462	0.64951062
281.9692	0.64708549
282.0923	0.66103530
282.2154	0.66765320
282.3385	0.64902389
282.4615	0.63034701
282.5846	0.62101835
282.7077	0.61933219
282.8308	0.64162946
282.9539	0.68223614
283.0769	0.68874043
283.2000	0.65630037
283.3231	0.62415481
283.4462	0.60653645
283.5692	0.63060141
283.6923	0.65933549
283.8154	0.64984041
283.9385	0.66294408
284.0615	0.66827220
284.1846	0.63390720
284.3077	0.64126593
284.4308	0.65541810
284.5538	0.63303149
284.6769	0.62120968
284.8000	0.63187653
284.9231	0.66125917
285.0461	0.68068236
285.1692	0.67318404
285.2923	0.64710224
285.4154	0.61110592
285.5385	0.61339319
285.6615	0.63391817
285.7846	0.65089846
285.9077	0.68939102
286.0308	0.67659765
286.1538	0.63009614
286.2769	0.63073659
286.4000	0.63298821
286.5231	0.63788015
286.6461	0.65099591
286.7692	0.64033961
286.8923	0.64707112
287.0154	0.66661370
287.1385	0.65892071
287.2615	0.65153158
287.3846	0.64509940
287.5077	0.62192273
287.6308	0.60751784
287.7538	0.63826185
287.8769	0.68697011
288.0000	0.68514365
288.1231	0.65428531
288.2462	0.63349408
288.3692	0.61323738
288.4923	0.61853731
288.6154	0.64720362
288.7385	0.66542846
288.8615	0.67362022
288.9846	0.65657526
289.1077	0.63055515
289.2308	0.64123684
289.3539	0.64895046
289.4769	0.63509041
289.6000	0.63455188
289.7231	0.63959527
289.8462	0.64946491
289.9692	0.67364156
290.0923	0.67183071
290.2154	0.64240515
290.3385	0.62864000
290.4615	0.61701530
290.5846	0.61140364
290.7077	0.65933883
290.8308	0.70184284
290.9539	0.67044389
291.0769	0.63358814
291.2000	0.62775159
291.3231	0.62258089
291.4462	0.62399256
291.5692	0.65701914
291.6923	0.67743760
291.8154	0.65195620
291.9385	0.64516842
292.0615	0.64646256
292.1846	0.63709760
292.3077	0.65080214
292.4308	0.63641775
292.5538	0.62003624
292.6769	0.65163350
292.8000	0.66390634
292.9231	0.67014265
293.0461	0.66612154
293.1692	0.63294733
293.2923	0.61816269
293.4154	0.61147445
293.5385	0.63535678
293.6615	0.68410838
293.7846	0.68720293
293.9077	0.65956390
294.0308	0.62235671
294.1538	0.61631429
294.2769	0.63506037
294.4000	0.63386571
294.5231	0.66522586
294.6461	0.68143862
294.7692	0.64138174
294.8923	0.63780159
295.0154	0.64519918
295.1385	0.64057475
295.2615	0.64463913
295.3846	0.63430846
295.5077	0.63395017
295.6308	0.65758634
295.7538	0.67015737
295.8769	0.66091645
296.0000	0.64918107
296.1231	0.63274485
296.2462	0.60746205
296.3692	0.62080282
296.4923	0.66809922
296.6154	0.68637586
296.7385	0.67365330
296.8615	0.64409322
296.9846	0.61317295
297.1077	0.61213034
297.2308	0.63950229
297.3539	0.66049510
297.4769	0.66955358
297.6000	0.67585254
297.7231	0.64213330
297.8462	0.61190230
297.9692	0.64289117
298.0923	0.65314060
298.2154	0.63513106
298.3385	0.64867330
298.4615	0.65502095
298.5846	0.65228772
298.7077	0.65523893
298.8308	0.65146714
298.9539	0.64422435
299.0769	0.62469530
299.2000	0.61876011
299.3231	0.64477181
299.4462	0.67487836
299.5692	0.68283641
299.6923	0.65681875
299.8154	0.62446547
299.9385	0.61234015
300.0615	0.61835325
300.1846	0.65006483
300.3077	0.68113554
300.4308	0.67915070
300.5538	0.65863979
300.6769	0.62290490
300.8000	0.60270274
300.9231	0.63906020
301.0461	0.66577792
301.1692	0.65101600
301.2923	0.66262639
301.4154	0.66388059
301.5385	0.62695068
301.6615	0.63046592
301.7846	0.65293896
301.9077	0.64506632
302.0308	0.63766885
302.1538	0.64202225
302.2769	0.65444392
302.4000	0.66345781
302.5231	0.65996778
302.6461	0.64435351
302.7692	0.62006962
302.8923	0.62488729
303.0154	0.64018416
303.1385	0.65116864
303.2615	0.69080782
303.3846	0.67803615
303.5077	0.62183845
303.6308	0.61444682
303.7538	0.61620140
303.8769	0.63760304
304.0000	0.68116069
304.1231	0.67777097
304.2462	0.66108465
304.3692	0.63880277
304.4923	0.60820913
304.6154	0.61643732
304.7385	0.65410733
304.8615	0.67881137
304.9846	0.65882587
305.1077	0.64314580
305.2308	0.65211916
305.3539	0.62853760
305.4769	0.62729943
305.6000	0.65769857
305.7231	0.65075403
305.8462	0.64302045
305.9692	0.64825356
306.0923	0.65116572
306.2154	0.65898472
306.3385	0.65106297
306.4615	0.63030696
306.5846	0.62227410
306.7077	0.64184272
306.8308	0.65472865
306.9539	0.66250688
307.0769	0.68016714
307.2000	0.64944488
307.3231	0.61207169
307.4462	0.61447370
307.5692	0.62917173
307.6923	0.66985202
307.8154	0.68832850
307.9385	0.66444242
308.0615	0.64029986
308.1846	0.61504501
308.3077	0.61341572
308.4308	0.63089645
308.5538	0.67212033
308.6769	0.69935727
308.8000	0.64771539
308.9231	0.62588894
309.0461	0.63519466
309.1692	0.61673409
309.2923	0.64253241
309.4154	0.67142504
309.5385	0.66451555
309.6615	0.65557134
309.7846	0.63103628
309.9077	0.63328540
310.0308	0.64761609
310.1538	0.64365351
310.2769	0.64751172
310.4000	0.64540112
310.5231	0.64933425
310.6461	0.65432245
310.7692	0.64863741
310.8923	0.65162891
311.0154	0.64146614
311.1385	0.62655771
311.2615	0.63273394
311.3846	0.64734054
311.5077	0.67277908
311.6308	0.67793167
311.7538	0.63914680
311.8769	0.61992347
312.0000	0.62979507
312.1231	0.62427378
312.2462	0.64674187
312.3692	0.69751817
312.4923	0.67920327
312.6154	0.62894309
312.7385	0.61553186
312.8615	0.61674643
312.9846	0.63266236
313.1077	0.66661072
313.2308	0.68846172
313.3539	0.66935444
313.4769	0.63277555
313.6000	0.61403733
313.7231	0.61109090
313.8462	0.64403725
313.9692	0.68300962
314.0923	0.66974247
314.2154	0.65162569
314.3385	0.64280021
314.4615	0.61810571
314.5846	0.62011635
314.7077	0.65477985
314.8308	0.66991580
314.9539	0.65955746
315.0769	0.64851475
315.2000	0.63406378
315.3231	0.63636667
315.4462	0.64686704
315.5692	0.64027727
315.6923	0.65006340
315.8154	0.65893549
315.9385	0.64150769
316.0615	0.64104128
316.1846	0.65397078
316.3077	0.65580100
316.4308	0.63592750
316.5538	0.62640435
316.6769	0.64880323
316.8000	0.65068406
316.9231	0.65461928
317.0461	0.66787982
317.1692	0.64715374
317.2923	0.63117719
317.4154	0.62152243
317.5385	0.62571895
317.6615	0.66879559
317.7846	0.67782891
317.9077	0.65910614
318.0308	0.64710969
318.1538	0.61890596
318.2769	0.61191738
318.4000	0.63855064
318.5231	0.66681910
318.6461	0.68483746
318.7692	0.67197806
318.8923	0.63017684
319.0154	0.60379803
319.1385	0.61982822
319.2615	0.65202975
319.3846	0.66627479
319.5077	0.67983210
319.6308	0.67817724
319.7538	0.62122476
319.8769	0.59060115
320.0000	0.63641530
320.1231	0.65935242
320.2462	0.66154510
320.3692	0.68688184
320.4923	0.65848541
320.6154	0.61356252
320.7385	0.61501551
320.8615	0.62980473
320.9846	0.65638196
321.1077	0.68024379
321.2308	0.67100322
321.3539	0.63874578
321.4769	0.62209189
321.6000	0.63171327
321.7231	0.63150394
321.8462	0.65159160
321.9692	0.68388468
322.0923	0.65766805
322.2154	0.63004875
322.3385	0.63490534
322.4615	0.63447338
322.5846	0.64197022
322.7077	0.65700650
322.8308	0.65794647
322.9539	0.65112394
323.0769	0.64656836
323.2000	0.63158768
323.3231	0.63551873
323.4462	0.66256309
323.5692	0.64739853
323.6923	0.63345075
323.8154	0.65721357
323.9385	0.65026605
324.0615	0.63775456
324.1846	0.64919597
324.3077	0.65339476
324.4308	0.64098507
324.5538	0.63123232
324.6769	0.64839268
324.8000	0.65470767
324.9231	0.65209442
325.0461	0.66099781
325.1692	0.63541985
325.2923	0.62772655
325.4154	0.64801288
325.5385	0.63493502
325.6615	0.65483409
325.7846	0.68024290
325.9077	0.64824533
326.0308	0.62787861
326.1538	0.62779409
326.2769	0.63328803
326.4000	0.65170211
326.5231	0.66372705
326.6461	0.67107487
326.7692	0.65408808
326.8923	0.62412703
327.0154	0.61718166
327.1385	0.62832630
327.2615	0.66471511
327.3846	0.68069071
327.5077	0.65467429
327.6308	0.65070474
327.7538	0.63227046
327.8769	0.59945893
328.0000	0.63438129
328.1231	0.67908901
328.2462	0.67487109
328.3692	0.66297156
328.4923	0.64201820
328.6154	0.61477089
328.7385	0.61277848
328.8615	0.64151448
328.9846	0.67260092
329.1077	0.68149424
329.2308	0.66839325
329.3539	0.62881774
329.4769	0.60252041
329.6000	0.62440944
329.7231	0.65199089
329.8462	0.66885668
329.9692	0.68300617
330.0923	0.66656280
330.2154	0.62096006
330.3385	0.60007262
330.4615	0.62654501
330.5846	0.65903485
330.7077	0.67951441
330.8308	0.67845452
330.9539	0.64926976
331.0769	0.62656927
331.2000	0.60514373
331.3231	0.61442560
331.4462	0.67531884
331.5692	0.68938142
331.6923	0.66245085
331.8154	0.64874226
331.9385	0.61963457
332.0615	0.60535824
332.1846	0.62881923
332.3077	0.67104781
332.4308	0.69113785
332.5538	0.66485000
332.6769	0.63986278
332.8000	0.61255038
332.9231	0.60395223
333.0461	0.65009558
333.1692	0.67142284
333.2923	0.67268568
333.4154	0.68141073
333.5385	0.63256103
333.6615	0.59319818
333.7846	0.62267989
333.9077	0.65491176
334.0308	0.66900808
334.1538	0.67986876
334.2769	0.66767967
334.4000	0.62773728
334.5231	0.60039210
334.6461	0.61978751
334.7692	0.65771985
334.8923	0.67929810
335.0154	0.68123353
335.1385	0.65224051
335.2615	0.61976105
335.3846	0.61508578
335.5077	0.61881781
335.6308	0.65058738
335.7538	0.69772846
335.8769	0.67799091
336.0000	0.63448942
336.1231	0.62500876
336.2462	0.61295635
336.3692	0.62133801
336.4923	0.66546118
336.6154	0.68827647
336.7385	0.67405951
336.8615	0.64170796
336.9846	0.61185509
337.1077	0.60883158
337.2308	0.63669461
337.3539	0.67254019
337.4769	0.68012094
337.6000	0.66799968
337.7231	0.64727235
337.8462	0.60592222
337.9692	0.60125846
338.0923	0.65182173
338.2154	0.67789370
338.3385	0.67389941
338.4615	0.66853237
338.5846	0.63740700
338.7077	0.60567939
338.8308	0.61131036
338.9539	0.64549410
339.0769	0.68252087
339.2000	0.68665141
339.3231	0.65381110
339.4462	0.62639475
339.5692	0.61555904
339.6923	0.61339092
339.8154	0.64435160
339.9385	0.68840480
340.0615	0.68611062
340.1846	0.65005732
340.3077	0.62040734
340.4308	0.61205840
340.5538	0.62170511
340.6769	0.65035903
340.8000	0.68848234
340.9231	0.67931598
341.0461	0.64728415
341.1692	0.62842357
341.2923	0.59778351
341.4154	0.62302595
341.5385	0.67889810
341.6615	0.67008281
341.7846	0.66986740
341.9077	0.66257429
342.0308	0.61367685
342.1538	0.60067499
342.2769	0.63127637
342.4000	0.67623049
342.5231	0.67814714
342.6461	0.65924323
342.7692	0.65919489
342.8923	0.61472178
343.0154	0.60108835
343.1385	0.64599121
343.2615	0.66153145
343.3846	0.68074512
343.5077	0.67379004
343.6308	0.63100177
343.7538	0.62024891
343.8769	0.62211227
344.0000	0.63493979
344.1231	0.66164327
344.2462	0.68172306
344.3692	0.66966975
344.4923	0.62699288
344.6154	0.62121481
344.7385	0.63167238
344.8615	0.63576829
344.9846	0.66301209
345.1077	0.67284930
345.2308	0.66044420
345.3539	0.63855451
345.4769	0.62214088
345.6000	0.62942564
345.7231	0.64452374
345.8462	0.66459668
345.9692	0.65818667
346.0923	0.64961308
346.2154	0.65717548
346.3385	0.62483728
346.4615	0.62268806
346.5846	0.65968496
346.7077	0.65212309
346.8308	0.64855760
346.9539	0.65444219
347.0769	0.65049994
347.2000	0.64224082
347.3231	0.63078195
347.4462	0.64575630
347.5692	0.65121973
347.6923	0.64139205
347.8154	0.65358150
347.9385	0.65277165
348.0615	0.64946634
348.1846	0.64957255
348.3077	0.63060379
348.4308	0.63514495
348.5538	0.64949322
348.6769	0.64680558
348.8000	0.65612423
348.9231	0.66628522
349.0461	0.64827317
349.1692	0.62952125
349.2923	0.62440801
349.4154	0.63415146
349.5385	0.65939772
349.6615	0.66717625
349.7846	0.66241342
349.9077	0.65593106
350.0308	0.62790108
350.1538	0.61089933
350.2769	0.62754750
350.4000	0.66271776
350.5231	0.68366516
350.6461	0.66229212
350.7692	0.64925396
350.8923	0.63439798
351.0154	0.59848231
351.1385	0.62259561
351.2615	0.67295927
351.3846	0.68063980
351.5077	0.67353678
351.6308	0.64909571
351.7538	0.61760437
351.8769	0.60722113
352.0000	0.62534344
352.1231	0.66369253
352.2462	0.68554693
352.3692	0.67955869
352.4923	0.64659399
352.6154	0.60991222
352.7385	0.61142635
352.8615	0.63514942
352.9846	0.65651393
353.1077	0.67872488
353.2308	0.68260843
353.3539	0.64600271
353.4769	0.60991925
353.6000	0.61899835
353.7231	0.63886517
353.8462	0.65480685
353.9692	0.67165053
354.0923	0.66746229
354.2154	0.65187335
354.3385	0.62722379
354.4615	0.61658919
354.5846	0.64492273
354.7077	0.65663642
354.8308	0.64977908
354.9539	0.66019648
355.0769	0.65513629
355.2000	0.64121747
355.3231	0.63449550
355.4462	0.63822055
355.5692	0.64924872
355.6923	0.63995290
355.8154	0.64421231
355.9385	0.66252959
356.0615	0.65528476
356.1846	0.65196258
356.3077	0.64371514
356.4308	0.62224865
356.5538	0.63444775
356.6769	0.64481670
356.8000	0.64958709
356.9231	0.67774767
357.0461	0.67274451
357.1692	0.63390660
357.2923	0.61542135
357.4154	0.62026399
357.5385	0.63893855
357.6615	0.65890676
357.7846	0.68065709
357.9077	0.68354464
358.0308	0.63820332
358.1538	0.60613739
358.2769	0.61413628
358.4000	0.63156188
358.5231	0.66763037
358.6461	0.68711776
358.7692	0.66920465
358.8923	0.65046638
359.0154	0.61563373
359.1385	0.59778619
359.2615	0.63859236
359.3846	0.67249978
359.5077	0.67054623
359.6308	0.66725922
359.7538	0.65466589
359.8769	0.62412584
360.0000	0.60992384
360.1231	0.63849252
360.2462	0.66208136
360.3692	0.65636230
360.4923	0.66185331
360.6154	0.65581810
360.7385	0.63492829
360.8615	0.63771689
360.9846	0.64203876
361.1077	0.63365018
361.2308	0.64481497
361.3539	0.66005433
361.4769	0.64645904
361.6000	0.65255129
361.7231	0.67409533
361.8462	0.63655919
361.9692	0.61142200
362.0923	0.63794404
362.2154	0.64152062
362.3385	0.64833623
362.4615	0.67719907
362.5846	0.68228143
362.7077	0.64486313
362.8308	0.60362774
362.9539	0.61883759
363.0769	0.63455993
363.2000	0.64787149
363.3231	0.69529462
363.4462	0.67965770
363.5692	0.64172983
363.6923	0.62718832
363.8154	0.59806067
363.9385	0.62405294
364.0615	0.66877079
364.1846	0.67432332
364.3077	0.67459726
364.4308	0.65275252
364.5538	0.63150382
364.6769	0.61524159
364.8000	0.62024790
364.9231	0.66148162
365.0461	0.66224349
365.1692	0.65386021
365.2923	0.66136473
365.4154	0.64446968
365.5385	0.63826984
365.6615	0.63884503
365.7846	0.63333648
365.9077	0.64181626
366.0308	0.64743096
366.1538	0.64893663
366.2769	0.66158801
366.4000	0.67535275
366.5231	0.64765137
366.6461	0.61416227
366.7692	0.62610167
366.8923	0.63130057
367.0154	0.64110523
367.1385	0.67937255
367.2615	0.69075340
367.3846	0.65795028
367.5077	0.61500084
367.6308	0.61014158
367.7538	0.62311459
367.8769	0.63824636
368.0000	0.68218517
368.1231	0.68833411
368.2462	0.65647072
368.3692	0.63765138
368.4923	0.61095977
368.6154	0.61450702
368.7385	0.65131468
368.8615	0.66203547
368.9846	0.66169405
369.1077	0.66399878
369.2308	0.65184951
369.3539	0.63198978
369.4769	0.63143837
369.6000	0.64395356
369.7231	0.64067060
369.8462	0.63594449
369.9692	0.65081328
370.0923	0.66874558
370.2154	0.66362846
370.3385	0.65299332
370.4615	0.63919950
370.5846	0.61640209
370.7077	0.62085533
370.8308	0.63621753
370.9539	0.66321409
371.0769	0.69977129
371.2000	0.66961586
371.3231	0.62700546
371.4462	0.62380898
371.5692	0.60924208
371.6923	0.62076205
371.8154	0.66632700
371.9385	0.69052434
372.0615	0.67481655
372.1846	0.63826764
372.3077	0.62990737
372.4308	0.62583816
372.5538	0.61959374
372.6769	0.65307558
372.8000	0.66421163
372.9231	0.65137815
373.0461	0.66153526
373.1692	0.65237808
373.2923	0.63869822
373.4154	0.64780533
373.5385	0.63443857
373.6615	0.61617059
373.7846	0.63815761
373.9077	0.66690254
374.0308	0.66878372
374.1538	0.66752028
374.2769	0.66428190
374.4000	0.62758517
374.5231	0.59296751
374.6461	0.61944479
374.7692	0.66301924
374.8923	0.67195725
375.0154	0.67999786
375.1385	0.67327762
375.2615	0.63025749
375.3846	0.60609967
375.5077	0.62004399
375.6308	0.64191431
375.7538	0.66232544
375.8769	0.67087299
376.0000	0.65758663
376.1231	0.64932829
376.2462	0.64791834
376.3692	0.63238049
376.4923	0.63248932
376.6154	0.63997668
376.7385	0.63442904
376.8615	0.64410549
376.9846	0.66246277
377.1077	0.68141890
377.2308	0.66746485
377.3539	0.62817407
377.4769	0.62199908
377.6000	0.61140352
377.7231	0.62191671
377.8462	0.67189252
377.9692	0.68321061
378.0923	0.68223083
378.2154	0.65518779
378.3385	0.60806888
378.4615	0.61740518
378.5846	0.62989640
378.7077	0.64117616
378.8308	0.66882282
378.9539	0.66995549
379.0769	0.66229165
379.2000	0.63960469
379.3231	0.63622421
379.4462	0.65330863
379.5692	0.62545317
379.6923	0.62145346
379.8154	0.64850003
379.9385	0.65296274
380.0615	0.66469318
380.1846	0.67877400
380.3077	0.66547835
380.4308	0.62737858
380.5538	0.60347873
380.6769	0.61437345
380.8000	0.64001381
380.9231	0.67461187
381.0461	0.68728906
381.1692	0.66945547
381.2923	0.64500004
381.4154	0.61922824
381.5385	0.61424792
381.6615	0.62982345
381.7846	0.65487367
381.9077	0.66466993
382.0308	0.64979488
382.1538	0.65977108
382.2769	0.66518849
382.4000	0.64027643
382.5231	0.63772726
382.6461	0.63213843
382.7692	0.61881703
382.8923	0.62996525
383.0154	0.65620130
383.1385	0.68643987
383.2615	0.68541306
383.3846	0.64943200
383.5077	0.62301332
383.6308	0.61100155
383.7538	0.61216438
383.8769	0.64035398
384.0000	0.67587847
384.1231	0.68521017
384.2462	0.66284198
384.3692	0.63618577
384.4923	0.63671410
384.6154	0.63695574
384.7385	0.62099403
384.8615	0.64045900
384.9846	0.65333277
385.1077	0.64020973
385.2308	0.66409969
385.3539	0.67951024
385.4769	0.66098565
385.6000	0.64174443
385.7231	0.61308318
385.8462	0.60627222
385.9692	0.62841123
386.0923	0.66182739
386.2154	0.68779278
386.3385	0.67660183
386.4615	0.66095543
386.5846	0.63321829
386.7077	0.59977746
386.8308	0.62726051
386.9539	0.65602398
387.0769	0.64029849
387.2000	0.65483975
387.3231	0.67543781
387.4462	0.65490180
387.5692	0.64602977
387.6923	0.65805745
387.8154	0.63742387
387.9385	0.60574836
388.0615	0.61662662
388.1846	0.65000921
388.3077	0.66957450
388.4308	0.68348336
388.5538	0.68207353
388.6769	0.64314365
388.8000	0.61008447
388.9231	0.61327058
389.0461	0.62270164
389.1692	0.64851302
389.2923	0.67948556
389.4154	0.66302758
389.5385	0.64937741
389.6615	0.66318697
389.7846	0.64713639
389.9077	0.62602592
390.0308	0.63486755
390.1538	0.62930179
390.2769	0.61903119
390.4000	0.64945161
390.5231	0.68621016
390.6461	0.68569249
390.7692	0.66152722
390.8923	0.63497198
391.0154	0.61163914
391.1385	0.60351133
391.2615	0.63344234
391.3846	0.66442275
391.5077	0.66890419
391.6308	0.67795944
391.7538	0.65557241
391.8769	0.63113749
392.0000	0.65329885
392.1231	0.63778353
392.2462	0.61055386
392.3692	0.63518757
392.4923	0.64406586
392.6154	0.64712274
392.7385	0.67699385
392.8615	0.69389433
392.9846	0.66380805
393.1077	0.61087728
393.2308	0.60956740
393.3539	0.62398642
393.4769	0.62236643
393.6000	0.66782475
393.7231	0.69013333
393.8462	0.65723348
393.9692	0.65324575
394.0923	0.64934957
394.2154	0.63135767
394.3385	0.63430375
394.4615	0.63210803
394.5846	0.62070405
394.7077	0.63411659
394.8308	0.67079097
394.9539	0.68426120
395.0769	0.67092788
395.2000	0.66271937
395.3231	0.63091397
395.4462	0.59112018
395.5692	0.61129165
395.6923	0.65615702
395.8154	0.66241312
395.9385	0.66262162
396.0615	0.67628664
396.1846	0.65988928
396.3077	0.63336498
396.4308	0.64356649
396.5538	0.64113271
396.6769	0.61649889
396.8000	0.62043065
396.9231	0.63818848
397.0461	0.66589272
397.1692	0.68921351
397.2923	0.67854977
397.4154	0.65679187
397.5385	0.62335277
397.6615	0.60341275
397.7846	0.61835927
397.9077	0.63627195
398.0308	0.66737181
398.1538	0.67142087
398.2769	0.64946324
398.4000	0.66692621
398.5231	0.66331452
398.6461	0.63662684
398.7692	0.63664645
398.8923	0.61863089
399.0154	0.61141986
399.1385	0.63230419
399.2615	0.66251683
399.3846	0.69679439
399.5077	0.68275332
399.6308	0.64974082
399.7538	0.63243908
399.8769	0.61240578
400.0000	0.61949086
400.1231	0.63686979
400.2462	0.64591938
400.3692	0.66134667
400.4923	0.65816844
400.6154	0.65900868
400.7385	0.67711306
400.8615	0.66611272
400.9846	0.62507260
401.1077	0.60709131
401.2308	0.61569691
401.3539	0.62424898
401.4769	0.65329260
401.6000	0.69120800
401.7231	0.68765754
401.8462	0.65402806
401.9692	0.63331342
402.0923	0.63719708
402.2154	0.63049543
402.3385	0.62001991
402.4615	0.63648403
402.5846	0.63952971
402.7077	0.64414275
402.8308	0.67771661
402.9539	0.68719280
403.0769	0.67025691
403.2000	0.64430046
403.3231	0.60823846
403.4462	0.60136718
403.5692	0.62611842
403.6923	0.65161717
403.8154	0.66512096
403.9385	0.66920960
404.0615	0.66920942
404.1846	0.65722841
404.3077	0.64492619
404.4308	0.64905703
404.5538	0.63513267
404.6769	0.60105532
404.8000	0.61125833
404.9231	0.65314388
405.0461	0.66761935
405.1692	0.68191677
405.2923	0.69037849
405.4154	0.65421557
405.5385	0.62055290
405.6615	0.61576617
405.7846	0.62847894
405.9077	0.63886547
406.0308	0.63157672
406.1538	0.64789015
406.2769	0.66671717
406.4000	0.66606730
406.5231	0.68374145
406.6461	0.66839123
406.7692	0.62793601
406.8923	0.61277908
407.0154	0.59919518
407.1385	0.62275630
407.2615	0.66585779
407.3846	0.66976738
407.5077	0.67075247
407.6308	0.66503417
407.7538	0.65661722
407.8769	0.65109575
408.0000	0.63228166
408.1231	0.63018358
408.2462	0.61759484
408.3692	0.60447162
408.4923	0.64571166
408.6154	0.68306547
408.7385	0.68626082
408.8615	0.67802060
408.9846	0.65380430
409.1077	0.62904918
409.2308	0.61564219
409.3539	0.62356365
409.4769	0.63483846
409.6000	0.63723546
409.7231	0.64439732
409.8462	0.65272450
409.9692	0.68040645
410.0923	0.69329351
410.2154	0.65831250
410.3385	0.63410258
410.4615	0.61434162
410.5846	0.60225260
410.7077	0.61987305
410.8308	0.64921021
410.9539	0.67908865
411.0769	0.66078591
411.2000	0.65239954
411.3231	0.68332732
411.4462	0.65696311
411.5692	0.63652474
411.6923	0.63683689
411.8154	0.60164660
411.9385	0.60587752
412.0615	0.63771260
412.1846	0.66781700
412.3077	0.69066542
412.4308	0.67631292
412.5538	0.66106349
412.6769	0.64123511
412.8000	0.63027507
412.9231	0.64040935
413.0461	0.61777997
413.1692	0.61300516
413.2923	0.64006734
413.4154	0.64488631
413.5385	0.66741008
413.6615	0.70522207
413.7846	0.68468827
413.9077	0.63183999
414.0308	0.62208164
414.1538	0.62663066
414.2769	0.61378694
414.4000	0.62731051
414.5231	0.65022206
414.6461	0.65055233
414.7692	0.65130961
414.8923	0.67702401
415.0154	0.69702911
415.1385	0.66199929
415.2615	0.62781501
415.3846	0.61692035
415.5077	0.60003436
415.6308	0.61963356
415.7538	0.65226996
415.8769	0.65966415
416.0000	0.66783643
416.1231	0.66721541
416.2462	0.66559058
416.3692	0.66796952
416.4923	0.65713257
416.6154	0.62680143
416.7385	0.59790337
416.8615	0.60608345
416.9846	0.63334948
417.1077	0.65679431
417.2308	0.67642534
417.3539	0.68413705
417.4769	0.66974699
417.6000	0.64262211
417.7231	0.65114158
417.8462	0.65275556
417.9692	0.61174667
418.0923	0.60711277
418.2154	0.61865312
418.3385	0.63391441
418.4615	0.67086005
418.5846	0.68629783
418.7077	0.69023985
418.8308	0.66273832
418.9539	0.62938964
419.0769	0.64059395
419.2000	0.63011926
419.3231	0.61868179
419.4462	0.62282538
419.5692	0.61751145
419.6923	0.64906740
419.8154	0.67970991
419.9385	0.68453044
420.0615	0.68927473
420.1846	0.66077381
420.3077	0.62209141
420.4308	0.61549026
420.5538	0.62821543
420.6769	0.62864536
420.8000	0.62155592
420.9231	0.63715225
421.0461	0.65926713
421.1692	0.67313075
421.2923	0.68673730
421.4154	0.68880367
421.5385	0.65372032
421.6615	0.61000484
421.7846	0.61267310
421.9077	0.62220222
422.0308	0.62385648
422.1538	0.64534128
422.2769	0.64549839
422.4000	0.65400451
422.5231	0.68308187
422.6461	0.68489826
422.7692	0.67458320
422.8923	0.65106094
423.0154	0.61630446
423.1385	0.59798378
423.2615	0.61181426
423.3846	0.64491606
423.5077	0.64619386
423.6308	0.64539266
423.7538	0.67123055
423.8769	0.67960083
424.0000	0.67262024
424.1231	0.67160922
424.2462	0.65775275
424.3692	0.60684341
424.4923	0.58811653
424.6154	0.62651396
424.7385	0.63628095
424.8615	0.64645118
424.9846	0.66845566
425.1077	0.66514194
425.2308	0.67402107
425.3539	0.67330527
425.4769	0.67053205
425.6000	0.65270483
425.7231	0.60039198
425.8462	0.60184020
425.9692	0.61637855
426.0923	0.62660605
426.2154	0.66992414
426.3385	0.66467136
426.4615	0.65996325
426.5846	0.68040586
426.7077	0.67242295
426.8308	0.66598034
426.9539	0.64353937
427.0769	0.61610174
427.2000	0.60012496
427.3231	0.59675038
427.4462	0.64410377
427.5692	0.66960758
427.6923	0.65417951
427.8154	0.67009437
427.9385	0.68332291
428.0615	0.66758013
428.1846	0.65746611
428.3077	0.65700901
428.4308	0.62102675
428.5538	0.58172965
428.6769	0.61058944
428.8000	0.64439780
428.9231	0.64951730
429.0461	0.66741782
429.1692	0.67577761
429.2923	0.67142993
429.4154	0.66762841
429.5385	0.67100483
429.6615	0.65720397
429.7846	0.61046088
429.9077	0.59795946
430.0308	0.61086631
430.1538	0.61977232
430.2769	0.65912813
430.4000	0.67398936
430.5231	0.65755379
430.6461	0.67364472
430.7692	0.68399811
430.8923	0.66651976
431.0154	0.65248990
431.1385	0.62975824
431.2615	0.60031521
431.3846	0.59404337
431.5077	0.62333566
431.6308	0.65974408
431.7538	0.65712756
431.8769	0.65505141
432.0000	0.68386811
432.1231	0.68039244
432.2462	0.66520542
432.3692	0.67069769
432.4923	0.63616371
432.6154	0.59566313
432.7385	0.59843487
432.8615	0.62156242
432.9846	0.64500356
433.1077	0.64851487
433.2308	0.65725172
433.3539	0.67696267
433.4769	0.67478216
433.6000	0.68258899
433.7231	0.68042946
433.8462	0.63599163
433.9692	0.60748136
434.0923	0.60568416
434.2154	0.61023158
434.3385	0.63192880
434.4615	0.64901567
434.5846	0.64523959
434.7077	0.65758491
434.8308	0.68852377
434.9539	0.69234294
435.0769	0.67414463
435.2000	0.65581232
435.3231	0.62721217
435.4462	0.59954256
435.5692	0.60662925
435.6923	0.63758743
435.8154	0.63107055
435.9385	0.62066150
436.0615	0.66212571
436.1846	0.68414688
436.3077	0.67874551
436.4308	0.69556367
436.5538	0.67634779
436.6769	0.62497538
436.8000	0.61520356
436.9231	0.62616462
437.0461	0.61779219
437.1692	0.61607653
437.2923	0.62483895
437.4154	0.63363856
437.5385	0.66339636
437.6615	0.69573081
437.7846	0.69599229
437.9077	0.67257768
438.0308	0.65304542
438.1538	0.64216173
438.2769	0.62023318
438.4000	0.62295443
438.5231	0.62972850
438.6461	0.59029633
438.7692	0.61189455
438.8923	0.66986907
439.0154	0.66928339
439.1385	0.68435752
439.2615	0.69346619
439.3846	0.66653734
439.5077	0.65152425
439.6308	0.64562541
439.7538	0.64767599
439.8769	0.61367762
440.0000	0.58438510
440.1231	0.61455166
440.2462	0.62989050
440.3692	0.65152043
440.4923	0.68466574
440.6154	0.67596734
440.7385	0.67219257
440.8615	0.67532390
440.9846	0.67259198
441.1077	0.65983504
441.2308	0.62715733
441.3539	0.60275984
441.4769	0.59284770
441.6000	0.61457002
441.7231	0.64327621
441.8462	0.64679515
441.9692	0.65855908
442.0923	0.66925168
442.2154	0.68350089
442.3385	0.69263232
442.4615	0.67545187
442.5846	0.66057914
442.7077	0.61898780
442.8308	0.59367949
442.9539	0.62251657
443.0769	0.62384683
443.2000	0.61568952
443.3231	0.63131785
443.4462	0.65134680
443.5692	0.67622095
443.6923	0.68615937
443.8154	0.69927937
443.9385	0.68770164
444.0615	0.63260442
444.1846	0.62819207
444.3077	0.64517057
444.4308	0.61285251
444.5538	0.60049546
444.6769	0.61420554
444.8000	0.61684924
444.9231	0.64252585
445.0461	0.68367410
445.1692	0.69354707
445.2923	0.67950869
445.4154	0.66842926
445.5385	0.66880131
445.6615	0.66105425
445.7846	0.63786715
445.9077	0.61954379
446.0308	0.59376299
446.1538	0.59050697
446.2769	0.63192737
446.4000	0.64756143
446.5231	0.64932692
446.6461	0.67579204
446.7692	0.67783523
446.8923	0.67494047
447.0154	0.69429636
447.1385	0.68487996
447.2615	0.63675028
447.3846	0.60566300
447.5077	0.61252302
447.6308	0.61742604
447.7538	0.60964596
447.8769	0.62114191
448.0000	0.64086586
448.1231	0.64544559
448.2462	0.66677296
448.3692	0.71027702
448.4923	0.70255893
448.6154	0.65858459
448.7385	0.65263391
448.8615	0.65044940
448.9846	0.62868309
449.1077	0.61602837
449.2308	0.60564697
449.3539	0.60046428
449.4769	0.60809702
449.6000	0.64157808
449.7231	0.68177682
449.8462	0.67770851
449.9692	0.67102903
450.0923	0.68664223
450.2154	0.67993134
450.3385	0.67105091
450.4615	0.66068757
450.5846	0.61574668
450.7077	0.59355146
450.8308	0.60790104
450.9539	0.61288571
451.0769	0.62423271
451.2000	0.64044172
451.3231	0.64762676
451.4462	0.66304421
451.5692	0.68654412
451.6923	0.71198058
451.8154	0.69180387
451.9385	0.64312071
452.0615	0.64704365
452.1846	0.64252704
452.3077	0.60775065
452.4308	0.61317450
452.5538	0.61151659
452.6769	0.59509981
452.8000	0.61734951
452.9231	0.66456270
453.0461	0.68993956
453.1692	0.67270124
453.2923	0.67289269
453.4154	0.69501829
453.5385	0.67892385
453.6615	0.65871483
453.7846	0.65109599
453.9077	0.61685783
454.0308	0.58480334
454.1538	0.60230899
454.2769	0.63000965
454.4000	0.62145436
454.5231	0.62834489
454.6461	0.65607828
454.7692	0.67035317
454.8923	0.69358039
455.0154	0.70678514
455.1385	0.68481791
455.2615	0.65479732
455.3846	0.64271730
455.5077	0.64433086
455.6308	0.62120843
455.7538	0.60085845
455.8769	0.60579830
456.0000	0.59362042
456.1231	0.61416340
456.2462	0.67377758
456.3692	0.67156982
456.4923	0.65660268
456.6154	0.69033813
456.7385	0.69765031
456.8615	0.67903441
456.9846	0.67729431
457.1077	0.65731144
457.2308	0.61455894
457.3539	0.59222907
457.4769	0.61656010
457.6000	0.62805986
457.7231	0.59249115
457.8462	0.61332518
457.9692	0.65706456
458.0923	0.65434015
458.2154	0.68693060
458.3385	0.71147436
458.4615	0.68157828
458.5846	0.66657770
458.7077	0.66805422
458.8308	0.66807532
458.9539	0.63624018
459.0769	0.59912604
459.2000	0.59899241
459.3231	0.59617901
459.4462	0.61038697
459.5692	0.63823736
459.6923	0.64131153
459.8154	0.64945340
459.9385	0.67012066
460.0615	0.69961143
460.1846	0.70496774
460.3077	0.68718749
460.4308	0.67142886
460.5538	0.63947576
460.6769	0.63514745
460.8000	0.63613260
460.9231	0.60451061
461.0461	0.59316909
461.1692	0.59159291
461.2923	0.61669308
461.4154	0.64640850
461.5385	0.65093064
461.6615	0.68289769
461.7846	0.67951423
461.9077	0.67017722
462.0308	0.71196699
462.1538	0.70091844
462.2769	0.65474111
462.4000	0.63210428
462.5231	0.62420106
462.6461	0.61937958
462.7692	0.59931129
462.8923	0.60428286
463.0154	0.61228442
463.1385	0.60029960
463.2615	0.63428539
463.3846	0.68782341
463.5077	0.68814117
463.6308	0.66835195
463.7538	0.69003844
463.8769	0.70220351
464.0000	0.67498767
464.1231	0.66973764
464.2462	0.64707875
464.3692	0.60525715
464.4923	0.59802359
464.6154	0.60730249
464.7385	0.61742538
464.8615	0.60188788
464.9846	0.60679865
465.1077	0.64847344
465.2308	0.66008532
465.3539	0.68879259
465.4769	0.70827103
465.6000	0.67758220
465.7231	0.67965192
465.8462	0.68984246
465.9692	0.67145211
466.0923	0.64304686
466.2154	0.61646163
466.3385	0.60195386
466.4615	0.58923286
466.5846	0.60698348
466.7077	0.62602890
466.8308	0.60846460
466.9539	0.62077397
467.0769	0.66432607
467.2000	0.69291002
467.3231	0.69023693
467.4462	0.69238144
467.5692	0.70114970
467.6923	0.66734612
467.8154	0.66403699
467.9385	0.67908949
468.0615	0.62455159
468.1846	0.58978748
468.3077	0.59717929
468.4308	0.60537386
468.5538	0.61095494
468.6769	0.60550964
468.8000	0.63058186
468.9231	0.64899844
469.0461	0.65286422
469.1692	0.70388848
469.2923	0.71620423
469.4154	0.67756224
469.5385	0.67881823
469.6615	0.68635339
469.7846	0.67036366
469.9077	0.64469659
470.0308	0.61473733
470.1538	0.59955180
470.2769	0.59198588
470.4000	0.59816760
470.5231	0.61916041
470.6461	0.61497688
470.7692	0.61676347
470.8923	0.65450478
471.0154	0.68218094
471.1385	0.69611299
471.2615	0.70348561
471.3846	0.68749666
471.5077	0.67961556
471.6308	0.68600076
471.7538	0.67334926
471.8769	0.63735378
472.0000	0.60905826
472.1231	0.60029358
472.2462	0.59580064
472.3692	0.60180551
472.4923	0.61075008
472.6154	0.60998267
472.7385	0.61829442
472.8615	0.64876813
472.9846	0.69340670
473.1077	0.69802123
473.2308	0.67868698
473.3539	0.69738823
473.4769	0.69912785
473.6000	0.68116373
473.7231	0.67612195
473.8462	0.64366215
473.9692	0.61308336
474.0923	0.59967256
474.2154	0.60138905
474.3385	0.61599410
474.4615	0.58917052
474.5846	0.58571345
474.7077	0.63401943
474.8308	0.65079057
474.9539	0.66353881
475.0769	0.69043136
475.2000	0.69093168
475.3231	0.68706334
475.4462	0.70012808
475.5692	0.71034843
475.6923	0.68257803
475.8154	0.63659167
475.9385	0.62720680
476.0615	0.63185036
476.1846	0.60765058
476.3077	0.59114867
476.4308	0.59388751
476.5538	0.58667141
476.6769	0.60476208
476.8000	0.64577800
476.9231	0.65503699
477.0461	0.65955055
477.1692	0.67597866
477.2923	0.69558406
477.4154	0.71656191
477.5385	0.70808864
477.6615	0.68353027
477.7846	0.66704756
477.9077	0.65385145
478.0308	0.64585710
478.1538	0.62678003
478.2769	0.59694171
478.4000	0.58222473
478.5231	0.58831877
478.6461	0.60155630
478.7692	0.61633217
478.8923	0.62926888
479.0154	0.63027537
479.1385	0.65470833
479.2615	0.69620490
479.3846	0.70690882
479.5077	0.70249069
479.6308	0.69056666
479.7538	0.68925327
479.8769	0.69717258
480.0000	0.66700763
480.1231	0.64417994
480.2462	0.62756526
480.3692	0.58964467
480.4923	0.59532130
480.6154	0.61179560
480.7385	0.59109718
480.8615	0.58446717
480.9846	0.60527945
481.1077	0.64153987
481.2308	0.66274720
481.3539	0.66676676
481.4769	0.68892300
481.6000	0.69818658
481.7231	0.69298863
481.8462	0.71630776
481.9692	0.71533030
482.0923	0.66458517
482.2154	0.64331561
482.3385	0.65175915
482.4615	0.63587284
482.5846	0.60461360
482.7077	0.58321631
482.8308	0.58639503
482.9539	0.59038025
483.0769	0.59394491
483.2000	0.62756193
483.3231	0.63637245
483.4462	0.62541771
483.5692	0.66721976
483.6923	0.71162492
483.8154	0.70508260
483.9385	0.69323325
484.0615	0.70379484
484.1846	0.70178592
484.3077	0.68280119
484.4308	0.68038893
484.5538	0.65420347
484.6769	0.60896087
484.8000	0.60292131
484.9231	0.61039448
485.0461	0.59859222
485.1692	0.57686925
485.2923	0.58428192
485.4154	0.60630310
485.5385	0.61250430
485.6615	0.65474784
485.7846	0.67233163
485.9077	0.65016097
486.0308	0.69257790
486.1538	0.72320247
486.2769	0.70909101
486.4000	0.70851147
486.5231	0.69042206
486.6461	0.67798001
486.7692	0.66794974
486.8923	0.65117353
487.0154	0.63875324
487.1385	0.59066415
487.2615	0.57676864
487.3846	0.60530818
487.5077	0.59313720
487.6308	0.58325076
487.7538	0.59708643
487.8769	0.61379939
488.0000	0.63844526
488.1231	0.66236019
488.2462	0.68631119
488.3692	0.69071090
488.4923	0.68671894
488.6154	0.71091598
488.7385	0.73351330
488.8615	0.70784849
488.9846	0.66634399
489.1077	0.66944605
489.2308	0.67036027
489.3539	0.62869048
489.4769	0.61315334
489.6000	0.60573512
489.7231	0.57349867
489.8462	0.57367235
489.9692	0.60194725
490.0923	0.60679615
490.2154	0.58860886
490.3385	0.60557550
490.4615	0.66165811
490.5846	0.67381334
490.7077	0.67094243
490.8308	0.70440197
490.9539	0.70576978
491.0769	0.69778895
491.2000	0.72773743
491.3231	0.71948105
491.4462	0.67557144
491.5692	0.66074026
491.6923	0.65779757
491.8154	0.64543992
491.9385	0.61791015
492.0615	0.58755565
492.1846	0.58101678
492.3077	0.58182305
492.4308	0.58662301
492.5538	0.59942645
492.6769	0.59399366
492.8000	0.60375422
492.9231	0.64024234
493.0461	0.66406488
493.1692	0.68459558
493.2923	0.69254172
493.4154	0.68883860
493.5385	0.71653569
493.6615	0.73168570
493.7846	0.71095943
493.9077	0.69770545
494.0308	0.67882687
494.1538	0.66092855
494.2769	0.66027164
494.4000	0.63544643
494.5231	0.59931785
494.6461	0.58426201
494.7692	0.58293074
494.8923	0.58762282
495.0154	0.58583575
495.1385	0.58327526
495.2615	0.59079659
495.3846	0.60998845
495.5077	0.64677525
495.6308	0.67004645
495.7538	0.66564214
495.8769	0.67795753
496.0000	0.71409601
496.1231	0.72741544
496.2462	0.71545738
496.3692	0.71599907
496.4923	0.70409602
496.6154	0.68097931
496.7385	0.68691444
496.8615	0.67207158
496.9846	0.62623030
497.1077	0.60185796
497.2308	0.59794760
497.3539	0.60480672
497.4769	0.58170897
497.6000	0.55782306
497.7231	0.58466345
497.8462	0.58830303
497.9692	0.59353119
498.0923	0.63819510
498.2154	0.64051473
498.3385	0.63919616
498.4615	0.67430550
498.5846	0.71295166
498.7077	0.72644633
498.8308	0.69738919
498.9539	0.70773661
499.0769	0.74054432
499.2000	0.70910347
499.3231	0.69281840
499.4462	0.69349355
499.5692	0.65203291
499.6923	0.62748921
499.8154	0.63550305
499.9385	0.62206340
500.0615	0.57502198
500.1846	0.55893332
500.3077	0.58579403
500.4308	0.58598107
500.5538	0.57464504
500.6769	0.58667207
500.8000	0.60470128
500.9231	0.62101460
501.0461	0.64412785
501.1692	0.68131119
501.2923	0.68435848
501.4154	0.67538995
501.5385	0.71855044
501.6615	0.74197125
501.7846	0.72416347
501.9077	0.71424544
502.0308	0.70430338
502.1538	0.70898032
502.2769	0.69654399
502.4000	0.66172951
502.5231	0.64869779
502.6461	0.61964905
502.7692	0.59727204
502.8923	0.60885662
503.0154	0.58764982
503.1385	0.55763948
503.2615	0.56169176
503.3846	0.57704192
503.5077	0.59167188
503.6308	0.59626365
503.7538	0.60160935
503.8769	0.62479109
504.0000	0.64992177
