# TMM+ASM Intensity at z=40, theta=25.0 deg
# Wavelength: 520 nm, CG: 550um n=1.52
# AR: SiO2(34.6)/TiO2(25.9)/SiO2(20.7)/TiO2(169.5) nm
# Columns: x_um	intensity
# N_points: 4096
0.0000	0.64026868
0.1231	0.62022388
0.2462	0.61159611
0.3692	0.60670125
0.4923	0.58676004
0.6154	0.60366213
0.7385	0.60684508
0.8615	0.61436105
0.9846	0.65047640
1.1077	0.66389018
1.2308	0.65066415
1.3538	0.62015957
1.4769	0.59334886
1.6000	0.57665014
1.7231	0.59593445
1.8462	0.60474986
1.9692	0.61209893
2.0923	0.64955837
2.2154	0.65147668
2.3385	0.63707173
2.4615	0.62741309
2.5846	0.61067200
2.7077	0.61145711
2.8308	0.61592567
2.9538	0.59531742
3.0769	0.59404927
3.2000	0.60821182
3.3231	0.61888927
3.4462	0.63220245
3.5692	0.65796006
3.6923	0.65117455
3.8154	0.63273561
3.9385	0.61998355
4.0615	0.57847071
4.1846	0.58439910
4.3077	0.58967185
4.4308	0.60402226
4.5538	0.64197624
4.6769	0.65728557
4.8000	0.64595515
4.9231	0.62392658
5.0462	0.62818044
5.1692	0.61020792
5.2923	0.61098814
5.4154	0.60018706
5.5385	0.58656287
5.6615	0.61627406
5.7846	0.61498928
5.9077	0.61475033
6.0308	0.63745803
6.1538	0.65842682
6.2769	0.65567034
6.4000	0.63215995
6.5231	0.59752911
6.6462	0.57481265
6.7692	0.59105241
6.8923	0.59751803
7.0154	0.60650897
7.1385	0.64538074
7.2615	0.65135360
7.3846	0.64576906
7.5077	0.63759792
7.6308	0.61262101
7.7538	0.60946006
7.8769	0.61364442
8.0000	0.60111421
8.1231	0.59485632
8.2462	0.60286164
8.3692	0.60509849
8.4923	0.62347388
8.6154	0.65505993
8.7385	0.65335536
8.8615	0.64500201
8.9846	0.63654310
9.1077	0.59572542
9.2308	0.58631301
9.3538	0.58229375
9.4769	0.58527476
9.6000	0.62335825
9.7231	0.64313161
9.8462	0.64627111
9.9692	0.63275534
10.0923	0.64006943
10.2154	0.62301642
10.3385	0.62477189
10.4615	0.61763906
10.5846	0.58478403
10.7077	0.60246837
10.8308	0.59281254
10.9538	0.60152107
11.0769	0.61954606
11.2000	0.64732569
11.3231	0.66061467
11.4462	0.66012955
11.5692	0.63601643
11.6923	0.58957791
11.8154	0.59430730
11.9385	0.58846766
12.0615	0.59307003
12.1846	0.61251044
12.3077	0.62267029
12.4308	0.62957346
12.5538	0.64747310
12.6769	0.63553840
12.8000	0.62921429
12.9231	0.64178932
13.0462	0.62579018
13.1692	0.60635251
13.2923	0.58433878
13.4154	0.57837731
13.5385	0.58419520
13.6615	0.63097787
13.7846	0.63856292
13.9077	0.64887673
14.0308	0.66458631
14.1538	0.63459712
14.2769	0.62249243
14.4000	0.59990615
14.5231	0.59372449
14.6462	0.59614170
14.7692	0.61104512
14.8923	0.60198665
15.0154	0.60470498
15.1385	0.63048398
15.2615	0.63229555
15.3846	0.65284413
15.5077	0.66219020
15.6308	0.63418788
15.7538	0.61430573
15.8769	0.59374428
16.0000	0.57389045
16.1231	0.58817399
16.2462	0.60092258
16.3692	0.62009591
16.4923	0.64213473
16.6154	0.65959477
16.7385	0.63087243
16.8615	0.62633544
16.9846	0.63974035
17.1077	0.62092704
17.2308	0.62126029
17.3538	0.58642381
17.4769	0.58020967
17.6000	0.59484971
17.7231	0.60811734
17.8462	0.61279094
17.9692	0.64466965
18.0923	0.67523009
18.2154	0.65261841
18.3385	0.63501775
18.4615	0.60399669
18.5846	0.59386837
18.7077	0.60282248
18.8308	0.59969544
18.9538	0.58931178
19.0769	0.61411685
19.2000	0.61675310
19.3231	0.62174618
19.4462	0.64494473
19.5692	0.65162885
19.6923	0.65405154
19.8154	0.63934481
19.9385	0.62021458
20.0615	0.57833564
20.1846	0.58445168
20.3077	0.57954693
20.4308	0.59736103
20.5538	0.63828146
20.6769	0.63048422
20.8000	0.63900232
20.9231	0.64001906
21.0462	0.64551789
21.1692	0.63258386
21.2923	0.63128150
21.4154	0.61490285
21.5385	0.59220254
21.6615	0.59624445
21.7846	0.57271451
21.9077	0.58655268
22.0308	0.62575787
22.1538	0.64562792
22.2769	0.66085708
22.4000	0.65588409
22.5231	0.63241738
22.6462	0.62002450
22.7692	0.62147725
22.8923	0.60312223
23.0154	0.58983648
23.1385	0.60059422
23.2615	0.59375894
23.3846	0.59919429
23.5077	0.61516213
23.6308	0.62354732
23.7538	0.65879917
23.8769	0.67762297
24.0000	0.64482129
24.1231	0.62025106
24.2462	0.60596955
24.3692	0.59143519
24.4923	0.58768499
24.6154	0.59546065
24.7385	0.59966540
24.8615	0.61116415
24.9846	0.63329208
25.1077	0.61844355
25.2308	0.64209318
25.3538	0.66077429
25.4769	0.64907438
25.6000	0.64545214
25.7231	0.61294627
25.8462	0.58604228
25.9692	0.57104361
26.0923	0.59113032
26.2154	0.59644043
26.3385	0.61704534
26.4615	0.63823181
26.5846	0.62795985
26.7077	0.64906710
26.8308	0.64641839
26.9538	0.63460368
27.0769	0.63976014
27.2000	0.63181329
27.3231	0.60195547
27.4462	0.58004743
27.5692	0.57525659
27.6923	0.57900900
27.8154	0.61122668
27.9385	0.64165729
28.0615	0.63784778
28.1846	0.65098774
28.3077	0.65028149
28.4308	0.63203019
28.5538	0.63649333
28.6769	0.62128234
28.8000	0.60588527
28.9231	0.60174996
29.0462	0.59094018
29.1692	0.57073623
29.2923	0.58496886
29.4154	0.62304837
29.5385	0.64266634
29.6615	0.66307354
29.7846	0.65448904
29.9077	0.63347995
30.0308	0.64122188
30.1538	0.62425578
30.2769	0.59815389
30.4000	0.60346091
30.5231	0.59913653
30.6462	0.58929604
30.7692	0.58285379
30.8923	0.59842873
31.0154	0.61600006
31.1385	0.65565860
31.2615	0.67122585
31.3846	0.64512122
31.5077	0.65136307
31.6308	0.62294859
31.7538	0.60514712
31.8769	0.60401857
32.0000	0.59760571
32.1231	0.59093624
32.2462	0.59022200
32.3692	0.60117054
32.4923	0.59596717
32.6154	0.63049090
32.7385	0.65171427
32.8615	0.65776336
32.9846	0.67232662
33.1077	0.64217800
33.2308	0.60999835
33.3538	0.60316801
33.4769	0.60022122
33.6000	0.59166831
33.7231	0.59473568
33.8462	0.59349859
33.9692	0.59255379
34.0923	0.61794406
34.2154	0.63246620
34.3385	0.63692123
34.4615	0.66770971
34.5846	0.67186552
34.7077	0.63947928
34.8308	0.61866605
34.9538	0.59170324
35.0769	0.59007514
35.2000	0.60301554
35.3231	0.59350514
35.4462	0.58482850
35.5692	0.60045487
35.6923	0.62553662
35.8154	0.61920077
35.9385	0.64810699
36.0615	0.66521025
36.1846	0.66096741
36.3077	0.65840632
36.4308	0.61036861
36.5538	0.59405065
36.6769	0.59369528
36.8000	0.59687304
36.9231	0.58578372
37.0462	0.59578454
37.1692	0.60845631
37.2923	0.59732723
37.4154	0.63245338
37.5385	0.64823186
37.6615	0.66006929
37.7846	0.66806728
37.9077	0.64734679
38.0308	0.62396252
38.1538	0.60788655
38.2769	0.59085262
38.4000	0.57835805
38.5231	0.60064554
38.6462	0.60416055
38.7692	0.58650136
38.8923	0.59926915
39.0154	0.62656754
39.1385	0.64200193
39.2615	0.66687042
39.3846	0.66179615
39.5077	0.64775801
39.6308	0.64432716
39.7538	0.61038107
39.8769	0.58893555
40.0000	0.59089625
40.1231	0.60202050
40.2462	0.58652282
40.3692	0.59171116
40.4923	0.60072088
40.6154	0.59908801
40.7385	0.64318705
40.8615	0.66024077
40.9846	0.66474378
41.1077	0.66076022
41.2308	0.63852280
41.3538	0.62095416
41.4769	0.61070114
41.6000	0.60348022
41.7231	0.58109343
41.8462	0.59526277
41.9692	0.59930468
42.0923	0.57542354
42.2154	0.59436661
42.3385	0.62529165
42.4615	0.65251726
42.5846	0.67082500
42.7077	0.65582311
42.8308	0.64316988
42.9538	0.63960910
43.0769	0.62974513
43.2000	0.60049933
43.3231	0.60080332
43.4462	0.60714817
43.5692	0.57429647
43.6923	0.57760888
43.8154	0.58506465
43.9385	0.60404575
44.0615	0.63766956
44.1846	0.65608037
44.3077	0.65735590
44.4308	0.65414155
44.5538	0.64843357
44.6769	0.62669659
44.8000	0.63441288
44.9231	0.63095939
45.0462	0.59530699
45.1692	0.57885426
45.2923	0.58286452
45.4154	0.57097787
45.5385	0.58936495
45.6615	0.61237526
45.7846	0.63244188
45.9077	0.65793622
46.0308	0.65009785
46.1538	0.64043564
46.2769	0.63934970
46.4000	0.66980314
46.5231	0.63811558
46.6462	0.61695439
46.7692	0.60391635
46.8923	0.57148415
47.0154	0.58049339
47.1385	0.57570237
47.2615	0.59171885
47.3846	0.60667920
47.5077	0.63832867
47.6308	0.63039708
47.7538	0.62862051
47.8769	0.65780056
48.0000	0.65777147
48.1231	0.66848123
48.2462	0.65247029
48.3692	0.61510503
48.4923	0.59322524
48.6154	0.59423614
48.7385	0.57880116
48.8615	0.57941920
48.9846	0.59596896
49.1077	0.59937853
49.2308	0.60155988
49.3538	0.61926538
49.4769	0.63320065
49.6000	0.65030819
49.7231	0.68410623
49.8462	0.66163665
49.9692	0.64409506
50.0923	0.63149065
50.2154	0.60714388
50.3385	0.60100424
50.4615	0.60108548
50.5846	0.59376860
50.7077	0.56968892
50.8308	0.58214355
50.9538	0.59012842
51.0769	0.59965557
51.2000	0.63967580
51.3231	0.64746976
51.4462	0.66243750
51.5692	0.66800559
51.6923	0.64522696
51.8154	0.63219953
51.9385	0.63917887
52.0615	0.64242089
52.1846	0.60301781
52.3077	0.58799779
52.4308	0.57297277
52.5538	0.56372035
52.6769	0.59000349
52.8000	0.59609479
52.9231	0.60999238
53.0462	0.63683921
53.1692	0.64589149
53.2923	0.63839054
53.4154	0.64910394
53.5385	0.66803944
53.6615	0.66138053
53.7846	0.65308684
53.9077	0.62697804
54.0308	0.58449167
54.1538	0.58682734
54.2769	0.58956683
54.4000	0.57824308
54.5231	0.58714467
54.6462	0.59269488
54.7692	0.59651661
54.8923	0.60980123
55.0154	0.63410002
55.1385	0.64638740
55.2615	0.66928113
55.3846	0.68292195
55.5077	0.64803773
55.6308	0.63298780
55.7538	0.63281834
55.8769	0.61302018
56.0000	0.61214519
56.1231	0.59794903
56.2462	0.57519174
56.3692	0.56448483
56.4923	0.57688904
56.6154	0.59155822
56.7385	0.60338473
56.8615	0.64492959
56.9846	0.63770056
57.1077	0.64989376
57.2308	0.65982431
57.3538	0.64808464
57.4769	0.65834802
57.6000	0.66132748
57.7231	0.64768815
57.8462	0.60153621
57.9692	0.59109890
58.0923	0.57686484
58.2154	0.57405329
58.3385	0.59259129
58.4615	0.58514285
58.5846	0.58530819
58.7077	0.60732031
58.8308	0.61824036
58.9538	0.62801462
59.0769	0.65994394
59.2000	0.67357868
59.3231	0.67030305
59.4462	0.65832436
59.5692	0.64099276
59.6923	0.61469519
59.8154	0.62721550
59.9385	0.62291682
60.0615	0.58386773
60.1846	0.57530522
60.3077	0.56613469
60.4308	0.57130027
60.5538	0.58844447
60.6769	0.60594392
60.8000	0.61968255
60.9231	0.64045995
61.0462	0.65656066
61.1692	0.63673818
61.2923	0.65272176
61.4154	0.68429762
61.5385	0.66251707
61.6615	0.64957571
61.7846	0.61976612
61.9077	0.59945524
62.0308	0.58901370
62.1538	0.58723235
62.2769	0.58319247
62.4000	0.57274961
62.5231	0.59308124
62.6462	0.57208484
62.7692	0.59387469
62.8923	0.62907845
63.0154	0.64424437
63.1385	0.65629512
63.2615	0.66943574
63.3846	0.66611940
63.5077	0.64406765
63.6308	0.65291315
63.7538	0.64742631
63.8769	0.63968468
64.0000	0.61695707
64.1231	0.58554029
64.2462	0.55770093
64.3692	0.58251464
64.4923	0.58119953
64.6154	0.57289386
64.7385	0.59705138
64.8615	0.60654593
64.9846	0.61818725
65.1077	0.61817396
65.2308	0.65501577
65.3538	0.66308135
65.4769	0.68799865
65.6000	0.67342901
65.7231	0.63310856
65.8462	0.64120036
65.9692	0.63584054
66.0923	0.62055343
66.2154	0.60012650
66.3385	0.59242088
66.4615	0.56741440
66.5846	0.56118047
66.7077	0.57447040
66.8308	0.58074743
66.9538	0.59846878
67.0769	0.63091123
67.2000	0.62210834
67.3231	0.63187480
67.4462	0.65279806
67.5692	0.66262865
67.6923	0.68091905
67.8154	0.67676443
67.9385	0.65895557
68.0615	0.61927086
68.1846	0.62863642
68.3077	0.61193442
68.4308	0.59252435
68.5538	0.59397203
68.6769	0.57429004
68.8000	0.56292534
68.9231	0.56642199
69.0462	0.58093047
69.1692	0.59115261
69.2923	0.62776852
69.4154	0.64042622
69.5385	0.63688523
69.6615	0.64405572
69.7846	0.66707122
69.9077	0.66589242
70.0308	0.68166780
70.1538	0.67365581
70.2769	0.62944329
70.4000	0.62368292
70.5231	0.60906160
70.6462	0.60122609
70.7692	0.58015281
70.8923	0.58697695
71.0154	0.57054228
71.1385	0.56021917
71.2615	0.57867837
71.3846	0.57372200
71.5077	0.61319327
71.6308	0.64161623
71.7538	0.64319944
71.8769	0.63721663
72.0000	0.65411901
72.1231	0.67479795
72.2462	0.67026347
72.3692	0.68029308
72.4923	0.65798867
72.6154	0.62850064
72.7385	0.62486058
72.8615	0.60369623
72.9846	0.58495891
73.1077	0.58830118
73.2308	0.58520257
73.3538	0.56379664
73.4769	0.55934966
73.6000	0.57052600
73.7231	0.58683681
73.8462	0.61918813
73.9692	0.64135367
74.0923	0.62751162
74.2154	0.64181441
74.3385	0.67055380
74.4615	0.66483670
74.5846	0.67752212
74.7077	0.67662293
74.8308	0.66424716
74.9538	0.63435549
75.0769	0.62051183
75.2000	0.60843396
75.3231	0.59111625
75.4462	0.60536832
75.5692	0.56967187
75.6923	0.55716246
75.8154	0.56299788
75.9385	0.56741685
76.0615	0.58307588
76.1846	0.60962778
76.3077	0.63096339
76.4308	0.61653429
76.5538	0.63721299
76.6769	0.66230667
76.8000	0.66897625
76.9231	0.68405849
77.0462	0.67892796
77.1692	0.66083527
77.2923	0.65560716
77.4154	0.63509947
77.5385	0.61342061
77.6615	0.61321628
77.7846	0.61754102
77.9077	0.57762611
78.0308	0.54496366
78.1538	0.56326729
78.2769	0.56890422
78.4000	0.58005649
78.5231	0.58988363
78.6462	0.59201312
78.7692	0.60903305
78.8923	0.63042176
79.0154	0.63897759
79.1385	0.65334022
79.2615	0.68737835
79.3846	0.69146693
79.5077	0.65725744
79.6308	0.66028273
79.7538	0.66302991
79.8769	0.64606255
80.0000	0.64745086
80.1231	0.62000215
80.2462	0.59223646
80.3692	0.56997049
80.4923	0.57314873
80.6154	0.56730330
80.7385	0.56646734
80.8615	0.58197778
80.9846	0.56134772
81.1077	0.57953972
81.2308	0.60055202
81.3538	0.61139882
81.4769	0.63670725
81.6000	0.66499448
81.7231	0.67049885
81.8462	0.65175891
81.9692	0.66981107
82.0923	0.68249434
82.2154	0.67624974
82.3385	0.67840123
82.4615	0.64866132
82.5846	0.61869973
82.7077	0.61360407
82.8308	0.60413760
82.9538	0.58667004
83.0769	0.57961893
83.2000	0.57336652
83.3231	0.55118370
83.4462	0.55218434
83.5692	0.57238030
83.6923	0.57613534
83.8154	0.59797305
83.9385	0.62726045
84.0615	0.61567867
84.1846	0.62532842
84.3077	0.65244430
84.4308	0.68025112
84.5538	0.68758982
84.6769	0.68178821
84.8000	0.67531627
84.9231	0.65311706
85.0462	0.67418510
85.1692	0.64971161
85.2923	0.62720644
85.4154	0.62941521
85.5385	0.60344779
85.6615	0.57305008
85.7846	0.55267334
85.9077	0.57594824
86.0308	0.56708515
86.1538	0.56721228
86.2769	0.56697547
86.4000	0.55683511
86.5231	0.58248222
86.6462	0.61202347
86.7692	0.62513429
86.8923	0.63849610
87.0154	0.65944350
87.1385	0.65747964
87.2615	0.66162843
87.3846	0.68557137
87.5077	0.69483125
87.6308	0.67645466
87.7538	0.67891669
87.8769	0.65850425
88.0000	0.62510544
88.1231	0.62928939
88.2462	0.62336409
88.3692	0.60580379
88.4923	0.57928896
88.6154	0.56306231
88.7385	0.54877222
88.8615	0.55329269
88.9846	0.57682681
89.1077	0.56114125
89.2308	0.56953543
89.3538	0.58881885
89.4769	0.58796275
89.6000	0.60952485
89.7231	0.63813770
89.8462	0.66434968
89.9692	0.66025877
90.0923	0.67392379
90.2154	0.67773670
90.3385	0.66662097
90.4615	0.69670439
90.5846	0.69402516
90.7077	0.67076254
90.8308	0.64817971
90.9538	0.63201898
91.0769	0.62002575
91.2000	0.61426735
91.3231	0.60730773
91.4462	0.57189798
91.5692	0.55638337
91.6923	0.56522262
91.8154	0.54716492
91.9385	0.54454374
92.0615	0.57360131
92.1846	0.58055753
92.3077	0.57845569
92.4308	0.58006603
92.5538	0.60421896
92.6769	0.63030809
92.8000	0.66335708
92.9231	0.66957241
93.0462	0.65240294
93.1692	0.67921501
93.2923	0.69288456
93.4154	0.68163306
93.5385	0.68876886
93.6615	0.69327366
93.7846	0.66869271
93.9077	0.63913977
94.0308	0.63305587
94.1538	0.62853235
94.2769	0.60584104
94.4000	0.60605234
94.5231	0.57109278
94.6462	0.54915816
94.7692	0.55567926
94.8923	0.54920113
95.0154	0.55946249
95.1385	0.56099796
95.2615	0.57350850
95.3846	0.55234641
95.5077	0.58028734
95.6308	0.61785221
95.7538	0.62116551
95.8769	0.64293259
96.0000	0.65428150
96.1231	0.66559714
96.2462	0.66594523
96.3692	0.69026840
96.4923	0.69401425
96.6154	0.70007467
96.7385	0.69905216
96.8615	0.67214054
96.9846	0.64644778
97.1077	0.66188490
97.2308	0.66521192
97.3538	0.62017322
97.4769	0.60717130
97.6000	0.58285654
97.7231	0.57509547
97.8462	0.56046450
97.9692	0.56500942
98.0923	0.55318707
98.2154	0.54317802
98.3385	0.55980778
98.4615	0.53584087
98.5846	0.55790156
98.7077	0.58696216
98.8308	0.60583168
98.9538	0.60411799
99.0769	0.61423409
99.2000	0.63743544
99.3231	0.64566702
99.4462	0.68425226
99.5692	0.69678104
99.6923	0.68147105
99.8154	0.68738651
99.9385	0.69654024
100.0615	0.68915236
100.1846	0.69092661
100.3077	0.68973851
100.4308	0.66964477
100.5538	0.63927239
100.6769	0.63222349
100.8000	0.61642784
100.9231	0.59730917
101.0462	0.60607874
101.1692	0.57618856
101.2923	0.54431987
101.4154	0.54065931
101.5385	0.55005455
101.6615	0.54954457
101.7846	0.54902101
101.9077	0.55719697
102.0308	0.54770333
102.1538	0.55991268
102.2769	0.59171975
102.4000	0.59905744
102.5231	0.61971760
102.6462	0.64470845
102.7692	0.64284170
102.8923	0.65182376
103.0154	0.67354500
103.1385	0.70274639
103.2615	0.69697517
103.3846	0.70683002
103.5077	0.70487046
103.6308	0.67337650
103.7538	0.69419056
103.8769	0.69755411
104.0000	0.68311632
104.1231	0.65025336
104.2462	0.63519406
104.3692	0.62301040
104.4923	0.60113311
104.6154	0.60622662
104.7385	0.57846272
104.8615	0.56005919
104.9846	0.55678684
105.1077	0.53991055
105.2308	0.52475291
105.3538	0.54348755
105.4769	0.56115276
105.6000	0.54652715
105.7231	0.53853935
105.8462	0.55884069
105.9692	0.57828325
106.0923	0.59865594
106.2154	0.62664258
106.3385	0.61802864
106.4615	0.63497496
106.5846	0.66067624
106.7077	0.67229408
106.8308	0.68318290
106.9538	0.70363271
107.0769	0.72036767
107.2000	0.69020307
107.3231	0.69538027
107.4462	0.71185017
107.5692	0.70083874
107.6923	0.70267540
107.8154	0.68342769
107.9385	0.65634459
108.0615	0.63686377
108.1846	0.63798660
108.3077	0.63301653
108.4308	0.59669173
108.5538	0.59248054
108.6769	0.56448781
108.8000	0.54266471
108.9231	0.55188167
109.0462	0.54884720
109.1692	0.53789538
109.2923	0.52607769
109.4154	0.53817940
109.5385	0.52764755
109.6615	0.53712726
109.7846	0.56606483
109.9077	0.57662874
110.0308	0.58001727
110.1538	0.59491247
110.2769	0.60142624
110.4000	0.62194037
110.5231	0.66648787
110.6462	0.67519820
110.7692	0.66904843
110.8923	0.67151994
111.0154	0.71218073
111.1385	0.70526063
111.2615	0.71267819
111.3846	0.72997069
111.5077	0.71121961
111.6308	0.70932025
111.7538	0.69231451
111.8769	0.69866836
112.0000	0.68443322
112.1231	0.68683767
112.2462	0.66159874
112.3692	0.61282492
112.4923	0.61782348
112.6154	0.61802799
112.7385	0.59682721
112.8615	0.57288891
112.9846	0.56068385
113.1077	0.54150933
113.2308	0.52924299
113.3538	0.53703040
113.4769	0.53571129
113.6000	0.51949191
113.7231	0.53153634
113.8462	0.52510327
113.9692	0.52128494
114.0923	0.54735851
114.2154	0.56836212
114.3385	0.57615918
114.4615	0.57614809
114.5846	0.59818077
114.7077	0.60584384
114.8308	0.63148803
114.9538	0.67087567
115.0769	0.66997582
115.2000	0.66646671
115.3231	0.68990815
115.4462	0.70490050
115.5692	0.71441495
115.6923	0.72723424
115.8154	0.73612833
115.9385	0.71950155
116.0615	0.70933783
116.1846	0.73124427
116.3077	0.71081603
116.4308	0.71148968
116.5538	0.70728719
116.6769	0.67773026
116.8000	0.65320361
116.9231	0.64311576
117.0462	0.65531141
117.1692	0.62162870
117.2923	0.60488099
117.4154	0.58312243
117.5385	0.55398798
117.6615	0.56024551
117.7846	0.55703533
117.9077	0.53749150
118.0308	0.51609075
118.1538	0.52116126
118.2769	0.51533878
118.4000	0.50078833
118.5231	0.52011883
118.6462	0.53327990
118.7692	0.52435946
118.8923	0.52731693
119.0154	0.53730726
119.1385	0.54887164
119.2615	0.58072799
119.3846	0.60070789
119.5077	0.59985256
119.6308	0.59914154
119.7538	0.63507104
119.8769	0.66079569
120.0000	0.66174364
120.1231	0.69714677
120.2462	0.69507796
120.3692	0.70034093
120.4923	0.71239734
120.6154	0.73307276
120.7385	0.74309331
120.8615	0.73486412
120.9846	0.75920933
121.1077	0.72559839
121.2308	0.72120988
121.3538	0.74177814
121.4769	0.74250871
121.6000	0.72011399
121.7231	0.69298697
121.8462	0.69102800
121.9692	0.67062610
122.0923	0.66796744
122.2154	0.66129434
122.3385	0.63019097
122.4615	0.60294455
122.5846	0.59948796
122.7077	0.57694376
122.8308	0.56375027
122.9538	0.56332457
123.0769	0.54644209
123.2000	0.51801193
123.3231	0.50413322
123.4462	0.51936054
123.5692	0.50069582
123.6923	0.50501287
123.8154	0.50971425
123.9385	0.49208161
124.0615	0.48809859
124.1846	0.50417674
124.3077	0.52911830
124.4308	0.52685452
124.5538	0.53268492
124.6769	0.54181182
124.8000	0.54566485
124.9231	0.58049601
125.0462	0.60179365
125.1692	0.60007656
125.2923	0.62318122
125.4154	0.64298850
125.5385	0.65294230
125.6615	0.65211827
125.7846	0.69995189
125.9077	0.72793543
126.0308	0.70377797
126.1538	0.71514124
126.2769	0.73129183
126.4000	0.75641030
126.5231	0.76318288
126.6462	0.76700383
126.7692	0.75697774
126.8923	0.75000679
127.0154	0.77111709
127.1385	0.76720083
127.2615	0.75342107
127.3846	0.75940168
127.5077	0.74943358
127.6308	0.71511579
127.7538	0.71421152
127.8769	0.72036040
128.0000	0.70862973
128.1231	0.67485631
128.2462	0.66240013
128.3692	0.64598918
128.4923	0.61820126
128.6154	0.63159800
128.7385	0.61098510
128.8615	0.57874340
128.9846	0.55662942
129.1077	0.54946828
129.2308	0.54338086
129.3539	0.52247632
129.4769	0.52826661
129.6000	0.50055248
129.7231	0.47997010
129.8462	0.48829758
129.9692	0.48204207
130.0923	0.47903287
130.2154	0.47593457
130.3385	0.48259652
130.4615	0.46546417
130.5846	0.46401635
130.7077	0.49113864
130.8308	0.49560905
130.9538	0.50080258
131.0769	0.50781822
131.2000	0.50756717
131.3231	0.51665354
131.4462	0.55205786
131.5692	0.57292670
131.6923	0.56758773
131.8154	0.57400113
131.9385	0.60946059
132.0615	0.61840606
132.1846	0.62899953
132.3077	0.66710234
132.4308	0.67393214
132.5538	0.68408173
132.6769	0.68869019
132.8000	0.71668774
132.9231	0.73443681
133.0462	0.75265622
133.1692	0.77486229
133.2923	0.74573016
133.4154	0.76565552
133.5385	0.79759341
133.6615	0.80816525
133.7846	0.80045938
133.9077	0.79822719
134.0308	0.81263167
134.1538	0.79571867
134.2769	0.80909711
134.4000	0.82646680
134.5231	0.80473363
134.6461	0.79188979
134.7692	0.79273844
134.8923	0.78443730
135.0154	0.77254879
135.1385	0.77690905
135.2615	0.77461946
135.3846	0.73404723
135.5077	0.71212292
135.6308	0.72504270
135.7538	0.71153486
135.8769	0.69492668
136.0000	0.67532468
136.1231	0.64682239
136.2462	0.63175619
136.3692	0.62624449
136.4923	0.62316883
136.6154	0.58761764
136.7385	0.57050294
136.8615	0.56654257
136.9846	0.53236121
137.1077	0.52515376
137.2308	0.52681077
137.3539	0.51263881
137.4769	0.48151082
137.6000	0.46595007
137.7231	0.47306657
137.8462	0.45293057
137.9692	0.45311806
138.0923	0.45317706
138.2154	0.42806542
138.3385	0.41845700
138.4615	0.42131662
138.5846	0.43362787
138.7077	0.42477876
138.8308	0.42242241
138.9538	0.42072809
139.0769	0.41030562
139.2000	0.43148744
139.3231	0.44285145
139.4462	0.43653589
139.5692	0.44126260
139.6923	0.45882481
139.8154	0.46069369
139.9385	0.45667896
140.0615	0.48753232
140.1846	0.51696968
140.3077	0.50523424
140.4308	0.50522512
140.5538	0.53160560
140.6769	0.55143017
140.8000	0.57699227
140.9231	0.58441466
141.0462	0.59282738
141.1692	0.59983200
141.2923	0.62953961
141.4154	0.66042382
141.5385	0.65164322
141.6615	0.68878394
141.7846	0.70233321
141.9077	0.70379126
142.0308	0.71565163
142.1538	0.75142688
142.2769	0.78748000
142.4000	0.76594979
142.5231	0.78885663
142.6461	0.80381709
142.7692	0.81578958
142.8923	0.84175450
143.0154	0.86350131
143.1385	0.86362386
143.2615	0.85157651
143.3846	0.88111538
143.5077	0.90375632
143.6308	0.90839857
143.7538	0.91332817
143.8769	0.92776662
144.0000	0.91006857
144.1231	0.92688227
144.2462	0.95237023
144.3692	0.95038915
144.4923	0.94662440
144.6154	0.94157749
144.7385	0.96079433
144.8615	0.93293637
144.9846	0.95709443
145.1077	0.97800553
145.2308	0.94956231
145.3539	0.93353015
145.4769	0.93165773
145.6000	0.95734763
145.7231	0.94137812
145.8462	0.93706167
145.9692	0.92870224
146.0923	0.90073019
146.2154	0.90546089
146.3385	0.92015570
146.4615	0.89972472
146.5846	0.87894189
146.7077	0.87283570
146.8308	0.86836851
146.9538	0.84321582
147.0769	0.83602488
147.2000	0.85631782
147.3231	0.81685674
147.4462	0.79206252
147.5692	0.78236067
147.6923	0.78277779
147.8154	0.77322096
147.9385	0.75640953
148.0615	0.74038875
148.1846	0.70249295
148.3077	0.69985616
148.4308	0.70939207
148.5538	0.68599761
148.6769	0.65034747
148.8000	0.64854616
148.9231	0.63124818
149.0462	0.61231434
149.1692	0.59637445
149.2923	0.60123426
149.4154	0.57733452
149.5385	0.53792840
149.6615	0.54287338
149.7846	0.52085567
149.9077	0.51959670
150.0308	0.50101584
150.1538	0.48509029
150.2769	0.45693249
150.4000	0.43994230
150.5231	0.45572928
150.6461	0.42952213
150.7692	0.40991989
150.8923	0.39585316
151.0154	0.38472167
151.1385	0.36677051
151.2615	0.36292589
151.3846	0.35988441
151.5077	0.33629853
151.6308	0.31400368
151.7538	0.31464505
151.8769	0.30650190
152.0000	0.28779027
152.1231	0.28892863
152.2462	0.27599382
152.3692	0.25805318
152.4923	0.24247843
152.6154	0.24813782
152.7385	0.24508229
152.8615	0.22631325
152.9846	0.22096036
153.1077	0.20659654
153.2308	0.19901116
153.3539	0.20425197
153.4769	0.19890662
153.6000	0.18568721
153.7231	0.17138354
153.8462	0.17700176
153.9692	0.17211826
154.0923	0.15935253
154.2154	0.16766346
154.3385	0.15937188
154.4615	0.15116835
154.5846	0.14248730
154.7077	0.14901108
154.8308	0.14805904
154.9538	0.14183728
155.0769	0.14583074
155.2000	0.13491821
155.3231	0.12966664
155.4462	0.13666670
155.5692	0.14549612
155.6923	0.13627028
155.8154	0.13169603
155.9385	0.13278989
156.0615	0.13741136
156.1846	0.13516475
156.3077	0.14441592
156.4308	0.14268486
156.5538	0.13599885
156.6769	0.14532118
156.8000	0.14478129
156.9231	0.14912206
157.0462	0.14979438
157.1692	0.16575368
157.2923	0.15890330
157.4154	0.14930889
157.5385	0.16649966
157.6615	0.17833740
157.7846	0.17972372
157.9077	0.17654328
158.0308	0.18303381
158.1538	0.18864913
158.2769	0.19196871
158.4000	0.20776540
158.5231	0.21315643
158.6461	0.20816618
158.7692	0.21973415
158.8923	0.22395100
159.0154	0.23320849
159.1385	0.24240601
159.2615	0.25652635
159.3846	0.25549272
159.5077	0.25015616
159.6308	0.27431726
159.7538	0.28494048
159.8769	0.28688550
160.0000	0.29711899
160.1231	0.31074929
160.2462	0.30736166
160.3692	0.31179559
160.4923	0.33873180
160.6154	0.35970962
160.7385	0.34501767
160.8615	0.35014454
160.9846	0.37180504
161.1077	0.38244787
161.2308	0.39969009
161.3539	0.40099877
161.4769	0.41520452
161.6000	0.41327795
161.7231	0.43518263
161.8462	0.45240289
161.9692	0.44875103
162.0923	0.47713012
162.2154	0.48367798
162.3385	0.48424608
162.4615	0.48515877
162.5846	0.52212220
162.7077	0.54959464
162.8308	0.52947176
162.9538	0.53687513
163.0769	0.56120181
163.2000	0.57853025
163.3231	0.58812326
163.4462	0.60558718
163.5692	0.61255318
163.6923	0.61206663
163.8154	0.62926066
163.9385	0.66005808
164.0615	0.66413188
164.1846	0.66856331
164.3077	0.69480622
164.4308	0.68941844
164.5538	0.70224589
164.6769	0.72412235
164.8000	0.75461823
164.9231	0.75085533
165.0462	0.74066263
165.1692	0.77820498
165.2923	0.77891266
165.4154	0.80206674
165.5385	0.81948709
165.6615	0.82506657
165.7846	0.81857681
165.9077	0.82575428
166.0308	0.87670785
166.1538	0.87569243
166.2769	0.87019217
166.4000	0.88632810
166.5231	0.89832419
166.6461	0.90244591
166.7692	0.92016041
166.8923	0.94395792
167.0154	0.94412166
167.1385	0.93178278
167.2615	0.95604366
167.3846	0.97071522
167.5077	0.96904022
167.6308	0.99661237
167.7538	0.99751413
167.8769	0.98586851
168.0000	0.98265940
168.1231	1.02163935
168.2462	1.04235435
168.3692	1.01305437
168.4923	1.01903760
168.6154	1.03085291
168.7385	1.03049743
168.8615	1.04509044
168.9846	1.05410457
169.1077	1.05179012
169.2308	1.02918863
169.3539	1.04133523
169.4769	1.06797004
169.6000	1.04271519
169.7231	1.05438864
169.8462	1.05717814
169.9692	1.04498529
170.0923	1.02820492
170.2154	1.03751826
170.3385	1.07084548
170.4615	1.03520048
170.5846	1.02001143
170.7077	1.01873481
170.8308	1.01749396
170.9538	1.02132070
171.0769	1.01924515
171.2000	1.00443602
171.3231	0.97105724
171.4462	0.97256684
171.5692	0.99059570
171.6923	0.96946090
171.8154	0.93956733
171.9385	0.94859171
172.0615	0.93122709
172.1846	0.90446395
172.3077	0.89670372
172.4308	0.90846932
172.5538	0.89408016
172.6769	0.83920842
172.8000	0.84460092
172.9231	0.83532715
173.0462	0.82361358
173.1692	0.81140810
173.2923	0.78605247
173.4154	0.76893169
173.5385	0.73383760
173.6615	0.75091386
173.7846	0.73596662
173.9077	0.69981849
174.0308	0.68384421
174.1538	0.66863477
174.2769	0.65643841
174.4000	0.63427436
174.5231	0.63361120
174.6461	0.61380315
174.7692	0.57810366
174.8923	0.56539547
175.0154	0.57078731
175.1385	0.54837364
175.2615	0.52953815
175.3846	0.51966751
175.5077	0.50291765
175.6308	0.48332578
175.7538	0.47282118
175.8769	0.48972806
176.0000	0.46042728
176.1231	0.43295071
176.2462	0.43357947
176.3692	0.43659037
176.4923	0.43380988
176.6154	0.41334379
176.7385	0.41302717
176.8615	0.40623283
176.9846	0.39633954
177.1077	0.41078928
177.2308	0.40800416
177.3539	0.39861616
177.4769	0.39785394
177.6000	0.40292951
177.7231	0.41141197
177.8462	0.40481624
177.9692	0.42521843
178.0923	0.43279549
178.2154	0.41574335
178.3385	0.42648974
178.4615	0.45614964
178.5846	0.47575915
178.7077	0.46068442
178.8308	0.46433169
178.9538	0.49514207
179.0769	0.51136845
179.2000	0.51569545
179.3231	0.53831309
179.4462	0.54739201
179.5692	0.55513763
179.6923	0.57197976
179.8154	0.59831417
179.9385	0.62081116
180.0615	0.61594558
180.1846	0.64493227
180.3077	0.65144134
180.4308	0.66281712
180.5538	0.69491833
180.6769	0.71424365
180.8000	0.72015077
180.9231	0.70767707
181.0462	0.74123478
181.1692	0.77135193
181.2923	0.76626009
181.4154	0.77989954
181.5385	0.78814900
181.6615	0.78830767
181.7846	0.79484111
181.9077	0.81710815
182.0308	0.83926606
182.1538	0.80561137
182.2769	0.80616772
182.4000	0.82956791
182.5231	0.82988757
182.6461	0.81955630
182.7692	0.81854856
182.8923	0.82537156
183.0154	0.80051887
183.1385	0.78846103
183.2615	0.80369508
183.3846	0.80381739
183.5077	0.76853567
183.6308	0.76172209
183.7538	0.74427593
183.8769	0.74110657
184.0000	0.72945249
184.1231	0.72201890
184.2462	0.70251030
184.3692	0.65246028
184.4923	0.67034864
184.6154	0.65876758
184.7385	0.64176291
184.8615	0.60700876
184.9846	0.59559268
185.1077	0.59381545
185.2308	0.55968136
185.3539	0.55988717
185.4769	0.55041546
185.6000	0.53137183
185.7231	0.50484711
185.8462	0.50350678
185.9692	0.50263149
186.0923	0.49355996
186.2154	0.48017293
186.3385	0.47665402
186.4615	0.46527994
186.5846	0.45800516
186.7077	0.48389214
186.8308	0.47669309
186.9538	0.46415511
187.0769	0.45664981
187.2000	0.48427466
187.3231	0.50264311
187.4462	0.48494375
187.5692	0.50120080
187.6923	0.51724136
187.8154	0.52350783
187.9385	0.53122771
188.0615	0.55506283
188.1846	0.58353043
188.3077	0.57565367
188.4308	0.58041662
188.5538	0.61897975
188.6769	0.63420480
188.8000	0.64851522
188.9231	0.66005075
189.0462	0.67455631
189.1692	0.68318969
189.2923	0.69200081
189.4154	0.73692399
189.5385	0.73807567
189.6615	0.72485518
189.7846	0.73626482
189.9077	0.75980210
190.0308	0.77197754
190.1538	0.76320291
190.2769	0.77082151
190.4000	0.77133286
190.5231	0.75598764
190.6461	0.76384509
190.7692	0.77797651
190.8923	0.75786430
191.0154	0.74263000
191.1385	0.73224449
191.2615	0.73269451
191.3846	0.71524686
191.5077	0.70110792
191.6308	0.70993412
191.7538	0.66575575
191.8769	0.64546800
192.0000	0.64116865
192.1231	0.64418948
192.2462	0.62239790
192.3692	0.57806557
192.4923	0.58264869
192.6154	0.56545335
192.7385	0.55443656
192.8615	0.54589164
192.9846	0.53362155
193.1077	0.51532680
193.2308	0.49768230
193.3539	0.51120579
193.4769	0.51182896
193.6000	0.49371204
193.7231	0.48702988
193.8462	0.50404346
193.9692	0.49774808
194.0923	0.49944994
194.2154	0.51495677
194.3385	0.53446722
194.4615	0.52739656
194.5846	0.51451135
194.7077	0.56479096
194.8308	0.58669102
194.9538	0.58508813
195.0769	0.58082044
195.2000	0.60682458
195.3231	0.64565641
195.4462	0.64124221
195.5692	0.66243249
195.6923	0.67996329
195.8154	0.68294007
195.9385	0.69549245
196.0615	0.71227682
196.1846	0.73534632
196.3077	0.73157984
196.4308	0.72907341
196.5538	0.74293363
196.6769	0.73523355
196.8000	0.74359703
196.9231	0.75427121
197.0462	0.74218875
197.1692	0.71786535
197.2923	0.70839345
197.4154	0.72470617
197.5385	0.71456635
197.6615	0.68040496
197.7846	0.67198217
197.9077	0.66067106
198.0308	0.63706303
198.1538	0.63028270
198.2769	0.62103611
198.4000	0.60781837
198.5231	0.56280732
198.6461	0.55759245
198.7692	0.57331395
198.8923	0.54743165
199.0154	0.52855408
199.1385	0.51572323
199.2615	0.52746713
199.3846	0.51441729
199.5077	0.50232559
199.6308	0.52556574
199.7538	0.52415419
199.8769	0.51023656
200.0000	0.51453584
200.1231	0.54353827
200.2462	0.56616503
200.3692	0.55442411
200.4923	0.56018817
200.6154	0.58926791
200.7385	0.60405356
200.8615	0.62496865
200.9846	0.63911313
201.1077	0.64803141
201.2308	0.65476286
201.3539	0.67309833
201.4769	0.70617962
201.6000	0.70802248
201.7231	0.69958985
201.8462	0.71999407
201.9692	0.72589725
202.0923	0.72155464
202.2154	0.72572148
202.3385	0.73367453
202.4615	0.73410046
202.5846	0.68884248
202.7077	0.69879228
202.8308	0.70966160
202.9538	0.69162500
203.0769	0.66569233
203.2000	0.63781399
203.3231	0.64700890
203.4462	0.61868477
203.5692	0.61009568
203.6923	0.60137826
203.8154	0.57423401
203.9385	0.55222511
204.0615	0.54743451
204.1846	0.55778861
204.3077	0.53902614
204.4308	0.51779109
204.5538	0.51924509
204.6769	0.53420848
204.8000	0.52102774
204.9231	0.52917421
205.0462	0.54363042
205.1692	0.54874355
205.2923	0.54689693
205.4154	0.55312270
205.5385	0.60470670
205.6615	0.60537595
205.7846	0.60211825
205.9077	0.61768359
206.0308	0.64464658
206.1538	0.67289901
206.2769	0.66672754
206.4000	0.68967211
206.5231	0.69538540
206.6461	0.69125289
206.7692	0.71127981
206.8923	0.72647375
207.0154	0.72405720
207.1385	0.70204616
207.2615	0.69992083
207.3846	0.71389604
207.5077	0.69766486
207.6308	0.68061507
207.7538	0.67784345
207.8769	0.65603286
208.0000	0.63490283
208.1231	0.62065291
208.2462	0.62295794
208.3692	0.60736567
208.4923	0.56783623
208.6154	0.56184626
208.7385	0.55939883
208.8615	0.55115157
208.9846	0.54419947
209.1077	0.53294498
209.2308	0.53127563
209.3539	0.52401972
209.4769	0.53599274
209.6000	0.56256104
209.7231	0.54859930
209.8462	0.54745251
209.9692	0.56902683
210.0923	0.59966415
210.2154	0.61355257
210.3385	0.60195059
210.4615	0.63880873
210.5846	0.65656489
210.7077	0.65464252
210.8308	0.66927493
210.9538	0.69691730
211.0769	0.71630818
211.2000	0.68514341
211.3231	0.68679440
211.4462	0.71908724
211.5692	0.72435665
211.6923	0.69527018
211.8154	0.68152523
211.9385	0.68111581
212.0615	0.67669016
212.1846	0.65659720
212.3077	0.64592266
212.4308	0.63745123
212.5538	0.59592688
212.6769	0.59337831
212.8000	0.58674973
212.9231	0.58055443
213.0462	0.55672336
213.1692	0.53496629
213.2923	0.55262619
213.4154	0.53630382
213.5385	0.53968573
213.6615	0.54564720
213.7846	0.55045891
213.9077	0.55141240
214.0308	0.54962343
214.1538	0.58782405
214.2769	0.60709000
214.4000	0.60206699
214.5231	0.60744023
214.6461	0.63779593
214.7692	0.66100824
214.8923	0.67038685
215.0154	0.67464864
215.1385	0.69009107
215.2615	0.69050479
215.3846	0.68668377
215.5077	0.71585637
215.6308	0.70816940
215.7538	0.68999016
215.8769	0.66991854
216.0000	0.67759049
216.1231	0.68306345
216.2462	0.64245152
216.3692	0.63301307
216.4923	0.62373346
216.6154	0.60399616
216.7385	0.58334529
216.8615	0.57279599
216.9846	0.58317584
217.1077	0.55669755
217.2308	0.52875787
217.3539	0.54277009
217.4769	0.55691791
217.6000	0.55799145
217.7231	0.54244697
217.8462	0.54965961
217.9692	0.57919002
218.0923	0.58632934
218.2154	0.60183841
218.3385	0.61763990
218.4615	0.62547374
218.5846	0.63794929
218.7077	0.65807593
218.8308	0.68300021
218.9538	0.68718421
219.0769	0.67581666
219.2000	0.69314694
219.3231	0.70065558
219.4462	0.68918723
219.5692	0.69201863
219.6923	0.68370497
219.8154	0.67717081
219.9385	0.63935953
220.0615	0.63529932
220.1846	0.65155047
220.3077	0.61724401
220.4308	0.58683801
220.5538	0.56580573
220.6769	0.58249855
220.8000	0.57543796
220.9231	0.54411685
221.0462	0.54670298
221.1692	0.54964405
221.2923	0.55133677
221.4154	0.55302656
221.5385	0.56931472
221.6615	0.58661252
221.7846	0.58226794
221.9077	0.58913600
222.0308	0.62815976
222.1538	0.64881212
222.2769	0.64593446
222.4000	0.65455514
222.5231	0.67098904
222.6461	0.69196862
222.7692	0.68231380
222.8923	0.69234735
223.0154	0.70375550
223.1385	0.67394018
223.2615	0.66737318
223.3846	0.66563815
223.5077	0.67672122
223.6308	0.64436197
223.7538	0.60127538
223.8769	0.61051524
224.0000	0.60271853
224.1231	0.58985460
224.2462	0.56323546
224.3692	0.55630326
224.4923	0.56038564
224.6154	0.54605347
224.7385	0.55316561
224.8615	0.56636840
224.9846	0.56829619
225.1077	0.56459224
225.2308	0.58233100
225.3539	0.60966706
225.4769	0.62996072
225.6000	0.62540466
225.7231	0.64230692
225.8462	0.66568398
225.9692	0.66547477
226.0923	0.68647027
226.2154	0.68874156
226.3385	0.69546479
226.4615	0.67073774
226.5846	0.66445559
226.7077	0.69223094
226.8308	0.66982132
226.9538	0.63961184
227.0769	0.61294484
227.2000	0.62016237
227.3231	0.61704195
227.4462	0.58145839
227.5692	0.56871837
227.6923	0.56907851
227.8154	0.55840647
227.9385	0.55128026
228.0615	0.55447960
228.1846	0.57096660
228.3077	0.57264829
228.4308	0.56019258
228.5538	0.59004617
228.6769	0.61624789
228.8000	0.62974632
228.9231	0.63065511
229.0462	0.63934678
229.1692	0.66691184
229.2923	0.67548972
229.4154	0.68267906
229.5385	0.69095433
229.6615	0.67740440
229.7846	0.66678929
229.9077	0.67490500
230.0308	0.67151111
230.1538	0.66040665
230.2769	0.61405021
230.4000	0.61491925
230.5231	0.61383241
230.6461	0.59009749
230.7692	0.57953715
230.8923	0.55809772
231.0154	0.57223868
231.1385	0.55004817
231.2615	0.55343163
231.3846	0.57321453
231.5077	0.58047712
231.6308	0.57736653
231.7538	0.57885718
231.8769	0.61800742
232.0000	0.64105767
232.1231	0.64464051
232.2462	0.63533455
232.3692	0.67122322
232.4923	0.67575634
232.6154	0.68374348
232.7385	0.68049252
232.8615	0.67993098
232.9846	0.67699063
233.1077	0.63969451
233.2308	0.66040218
233.3539	0.64871705
233.4769	0.62447834
233.6000	0.58803695
233.7231	0.58177918
233.8462	0.59867954
233.9692	0.57417780
234.0923	0.55089861
234.2154	0.55763978
234.3385	0.56980371
234.4615	0.56675488
234.5846	0.56810772
234.7077	0.58920145
234.8308	0.62062150
234.9538	0.60404056
235.0769	0.61345613
235.2000	0.65393966
235.3231	0.68139279
235.4462	0.66971993
235.5692	0.64788055
235.6923	0.67556262
235.8154	0.69998801
235.9385	0.67578101
236.0615	0.65142858
236.1846	0.64931262
236.3077	0.64213938
236.4308	0.62816507
236.5538	0.59589672
236.6769	0.60612583
236.8000	0.58614659
236.9231	0.55960274
237.0462	0.55999970
237.1692	0.56540704
237.2923	0.58364940
237.4154	0.55952430
237.5385	0.56689417
237.6615	0.59461719
237.7846	0.61243796
237.9077	0.62127060
238.0308	0.63206947
238.1538	0.64952731
238.2769	0.66041130
238.4000	0.66069239
238.5231	0.68033373
238.6461	0.69375193
238.7692	0.66452694
238.8923	0.65188891
239.0154	0.65229642
239.1385	0.66295803
239.2615	0.63532454
239.3846	0.59543896
239.5077	0.59471762
239.6308	0.59476352
239.7538	0.57700288
239.8769	0.56625003
240.0000	0.56007671
240.1231	0.57458913
240.2462	0.56614363
240.3692	0.56721812
240.4923	0.60600531
240.6154	0.61029303
240.7385	0.62104797
240.8615	0.61472142
240.9846	0.65279585
241.1077	0.68015176
241.2308	0.66693234
241.3539	0.66520119
241.4769	0.66728091
241.6000	0.67720068
241.7231	0.66169578
241.8462	0.65344155
241.9692	0.63845932
242.0923	0.62506539
242.2154	0.59089863
242.3385	0.59728044
242.4615	0.59539461
242.5846	0.57357222
242.7077	0.55827487
242.8308	0.55033672
242.9538	0.59025675
243.0769	0.58320332
243.2000	0.57997566
243.3231	0.59595042
243.4462	0.61869913
243.5692	0.64048600
243.6923	0.63624626
243.8154	0.65795642
243.9385	0.68095672
244.0615	0.66566706
244.1846	0.65664375
244.3077	0.66909230
244.4308	0.68015140
244.5538	0.65789062
244.6769	0.61084670
244.8000	0.61337179
244.9231	0.62356532
245.0462	0.60261023
245.1692	0.57133597
245.2923	0.56032413
245.4154	0.57398170
245.5385	0.57885706
245.6615	0.56493926
245.7846	0.58227706
245.9077	0.59955865
246.0308	0.60282373
246.1538	0.61864030
246.2769	0.63294560
246.4000	0.67072129
246.5231	0.65886974
246.6461	0.65128142
246.7692	0.67058492
246.8923	0.67688191
247.0154	0.67376786
247.1385	0.64327252
247.2615	0.63393724
247.3846	0.63059378
247.5077	0.60816580
247.6308	0.59748107
247.7538	0.59018320
247.8769	0.57334584
248.0000	0.56473958
248.1231	0.56059295
248.2462	0.58669317
248.3692	0.59365076
248.4923	0.58194208
248.6154	0.59492308
248.7385	0.62661886
248.8615	0.65208310
248.9846	0.65182483
249.1077	0.64607036
249.2308	0.66608298
249.3539	0.67983711
249.4769	0.65995753
249.6000	0.66440368
249.7231	0.64673483
249.8462	0.64459431
249.9692	0.61142546
250.0923	0.59609127
250.2154	0.61093301
250.3385	0.58365899
250.4615	0.57268375
250.5846	0.55210137
250.7077	0.57801938
250.8308	0.59338164
250.9538	0.58810365
251.0769	0.58981258
251.2000	0.60983366
251.3231	0.63732940
251.4462	0.64865810
251.5692	0.65860868
251.6923	0.65657991
251.8154	0.67232621
251.9385	0.65571535
252.0615	0.66790843
252.1846	0.65959918
252.3077	0.63739687
252.4308	0.62110186
252.5538	0.59643662
252.6769	0.60825676
252.8000	0.58916354
252.9231	0.57239580
253.0462	0.56820321
253.1692	0.56889910
253.2923	0.58387184
253.4154	0.59172028
253.5385	0.59946615
253.6615	0.62001699
253.7846	0.62387955
253.9077	0.63963234
254.0308	0.66210181
254.1538	0.67076761
254.2769	0.67129451
254.4000	0.64786083
254.5231	0.65222037
254.6461	0.66285622
254.7692	0.64440751
254.8923	0.61386764
255.0154	0.59224975
255.1385	0.59230083
255.2615	0.59688163
255.3846	0.57358617
255.5077	0.56545556
255.6308	0.57647955
255.7538	0.58314425
255.8769	0.60078210
256.0000	0.60023552
256.1231	0.62846488
256.2462	0.64613622
256.3692	0.63840139
256.4923	0.65532708
256.6154	0.66604304
256.7385	0.68290293
256.8615	0.65903580
256.9846	0.62912160
257.1077	0.63995552
257.2308	0.63826287
257.3539	0.61902732
257.4769	0.58402175
257.6000	0.57250291
257.7231	0.58576071
257.8462	0.58359361
257.9692	0.57083458
258.0923	0.57966214
258.2154	0.59610486
258.3385	0.60697323
258.4615	0.62094665
258.5846	0.63230991
258.7077	0.66569591
258.8308	0.65429211
258.9539	0.64781034
259.0769	0.66633183
259.2000	0.66768545
259.3231	0.66420513
259.4462	0.61702484
259.5692	0.61524326
259.6923	0.61915493
259.8154	0.59911031
259.9385	0.58213627
260.0615	0.56804830
260.1846	0.58031678
260.3077	0.58082831
260.4308	0.57962108
260.5538	0.60082990
260.6769	0.62359834
260.8000	0.62080169
260.9231	0.62810892
261.0461	0.65217435
261.1692	0.67989939
261.2923	0.67110980
261.4154	0.63486302
261.5385	0.64888620
261.6615	0.65934408
261.7846	0.64099121
261.9077	0.60604751
262.0308	0.58245564
262.1538	0.60176671
262.2769	0.58763880
262.4000	0.56753099
262.5231	0.57652152
262.6461	0.58611876
262.7692	0.60270846
262.8923	0.59505945
263.0154	0.61672002
263.1385	0.65556318
263.2615	0.65402055
263.3846	0.64430177
263.5077	0.64740789
263.6308	0.67318255
263.7538	0.67560410
263.8769	0.63626313
264.0000	0.61017156
264.1231	0.62050140
264.2462	0.61490029
264.3692	0.59657091
264.4923	0.56932670
264.6154	0.56820339
264.7385	0.59031451
264.8615	0.58485055
264.9846	0.59462416
265.1077	0.60612905
265.2308	0.62388325
265.3539	0.64247864
265.4769	0.63913524
265.6000	0.66003132
265.7231	0.67322719
265.8462	0.65745193
265.9692	0.64562696
266.0923	0.62974542
266.2154	0.64019984
266.3385	0.62797266
266.4615	0.58789521
266.5846	0.57755804
266.7077	0.57730079
266.8308	0.59459913
266.9539	0.58508396
267.0769	0.57515526
267.2000	0.59441233
267.3231	0.62295574
267.4462	0.63323283
267.5692	0.63952434
267.6923	0.65125406
267.8154	0.65996242
267.9385	0.66422766
268.0615	0.64064920
268.1846	0.65973842
268.3077	0.64155245
268.4308	0.61569846
268.5538	0.59420300
268.6769	0.58445722
268.8000	0.60992748
268.9231	0.57705951
269.0461	0.56703621
269.1692	0.57666624
269.2923	0.60727650
269.4154	0.62325948
269.5385	0.61374235
269.6615	0.63023150
269.7846	0.65639234
269.9077	0.66358739
270.0308	0.64936495
270.1538	0.66025907
270.2769	0.65322000
270.4000	0.64180744
270.5231	0.60426557
270.6461	0.60325962
270.7692	0.61809391
270.8923	0.58561534
271.0154	0.56727123
271.1385	0.56418437
271.2615	0.60199183
271.3846	0.61628234
271.5077	0.59518576
271.6308	0.60831189
271.7538	0.64402163
271.8769	0.66393548
272.0000	0.65955544
272.1231	0.64204216
272.2462	0.65731120
272.3692	0.65854633
272.4923	0.62690508
272.6154	0.61735499
272.7385	0.60633731
272.8615	0.60481203
272.9846	0.57860142
273.1077	0.56540763
273.2308	0.58860850
273.3539	0.60389483
273.4769	0.59845734
273.6000	0.59794289
273.7231	0.62141049
273.8462	0.65686268
273.9692	0.66840392
274.0923	0.63939136
274.2154	0.64840043
274.3385	0.65253109
274.4615	0.65771163
274.5846	0.63394946
274.7077	0.59530544
274.8308	0.60357201
274.9539	0.59044188
275.0769	0.58971661
275.2000	0.57798928
275.3231	0.57813776
275.4462	0.60134602
275.5692	0.60609198
275.6923	0.61736703
275.8154	0.63543892
275.9385	0.65471035
276.0615	0.65792584
276.1846	0.64880908
276.3077	0.64265209
276.4308	0.65959364
276.5538	0.64600861
276.6769	0.61002266
276.8000	0.59223545
276.9231	0.58730882
277.0461	0.60704529
277.1692	0.58610201
277.2923	0.56582046
277.4154	0.58649313
277.5385	0.60873175
277.6615	0.63715065
277.7846	0.62542653
277.9077	0.62984973
278.0308	0.66055030
278.1538	0.66118890
278.2769	0.65707898
278.4000	0.63882822
278.5231	0.63608396
278.6461	0.62849331
278.7692	0.59927964
278.8923	0.58583426
279.0154	0.59276187
279.1385	0.59168214
279.2615	0.58077532
279.3846	0.57860947
279.5077	0.60014349
279.6308	0.64238799
279.7538	0.63497108
279.8769	0.62907535
280.0000	0.64353335
280.1231	0.66339040
280.2462	0.67633128
280.3692	0.63298088
280.4923	0.61902058
280.6154	0.62065482
280.7385	0.61282748
280.8615	0.59976506
280.9846	0.57272679
281.1077	0.57931858
281.2308	0.59483123
281.3539	0.59401345
281.4769	0.60553646
281.6000	0.62204593
281.7231	0.64027876
281.8462	0.65004134
281.9692	0.64149803
282.0923	0.65636718
282.2154	0.66432601
282.3385	0.64209676
282.4615	0.61758959
282.5846	0.60207492
282.7077	0.60825789
282.8308	0.60695606
282.9539	0.57519782
283.0769	0.56969905
283.2000	0.58967829
283.3231	0.61161584
283.4462	0.62890893
283.5692	0.61118174
283.6923	0.63425791
283.8154	0.65892756
283.9385	0.66052252
284.0615	0.65761811
284.1846	0.63109726
284.3077	0.63832921
284.4308	0.62310958
284.5538	0.60165632
284.6769	0.59219104
284.8000	0.58790720
284.9231	0.58881080
285.0461	0.58280283
285.1692	0.58866513
285.2923	0.61372453
285.4154	0.64116460
285.5385	0.62969941
285.6615	0.63764989
285.7846	0.64824516
285.9077	0.66893286
286.0308	0.66173792
286.1538	0.61486793
286.2769	0.61687273
286.4000	0.61096102
286.5231	0.61139798
286.6461	0.58833891
286.7692	0.56549251
286.8923	0.58932525
287.0154	0.60306221
287.1385	0.61363780
287.2615	0.61819905
287.3846	0.62960708
287.5077	0.65119916
287.6308	0.65646672
287.7538	0.64762419
287.8769	0.65020406
288.0000	0.64151585
288.1231	0.61959434
288.2462	0.60515916
288.3692	0.58968192
288.4923	0.59971672
288.6154	0.59073216
288.7385	0.57612437
288.8615	0.59235668
288.9846	0.60790396
289.1077	0.63898498
289.2308	0.63993454
289.3539	0.63058758
289.4769	0.65056133
289.6000	0.65756786
289.7231	0.65823197
289.8462	0.63341177
289.9692	0.60449910
290.0923	0.60757118
290.2154	0.60264140
290.3385	0.59249437
290.4615	0.58317983
290.5846	0.57693505
290.7077	0.60339636
290.8308	0.62099338
290.9539	0.62651271
291.0769	0.63725811
291.2000	0.64515549
291.3231	0.65562451
291.4462	0.65341961
291.5692	0.63678700
291.6923	0.63335073
291.8154	0.62199998
291.9385	0.59454519
292.0615	0.59056967
292.1846	0.57981169
292.3077	0.60107148
292.4308	0.59918672
292.5538	0.58674210
292.6769	0.61672437
292.8000	0.63505489
292.9231	0.66603810
293.0461	0.64367706
293.1692	0.63220316
293.2923	0.64740396
293.4154	0.65277570
293.5385	0.63177818
293.6615	0.59429431
293.7846	0.58437467
293.9077	0.59415311
294.0308	0.60541344
294.1538	0.58051455
294.2769	0.59290296
294.4000	0.60824955
294.5231	0.63632077
294.6461	0.64860213
294.7692	0.63357061
294.8923	0.65790719
295.0154	0.64924657
295.1385	0.64210039
295.2615	0.62332016
295.3846	0.60875368
295.5077	0.61134791
295.6308	0.59176838
295.7538	0.57577509
295.8769	0.58572555
296.0000	0.60312569
296.1231	0.62012684
296.2462	0.62078184
296.3692	0.61860049
296.4923	0.65063155
296.6154	0.66521025
296.7385	0.65579402
296.8615	0.63172477
296.9846	0.61382008
297.1077	0.62362504
297.2308	0.61939204
297.3539	0.58824837
297.4769	0.57650703
297.6000	0.57842332
297.7231	0.60664493
297.8462	0.62581086
297.9692	0.60957879
298.0923	0.62825435
298.2154	0.64173210
298.3385	0.66391361
298.4615	0.65796971
298.5846	0.62693560
298.7077	0.62806439
298.8308	0.61993796
298.9539	0.60854685
299.0769	0.58878118
299.2000	0.57910365
299.3231	0.59411871
299.4462	0.60654289
299.5692	0.60042602
299.6923	0.61530524
299.8154	0.64294922
299.9385	0.65675437
300.0615	0.65167451
300.1846	0.62596881
300.3077	0.64197826
300.4308	0.65010411
300.5538	0.61601985
300.6769	0.58731425
300.8000	0.57245696
300.9231	0.60355461
301.0461	0.61394608
301.1692	0.58535331
301.2923	0.59482265
301.4154	0.62161225
301.5385	0.66161704
301.6615	0.65925634
301.7846	0.62897813
301.9077	0.63603836
302.0308	0.64533347
302.1538	0.63944679
302.2769	0.60830545
302.4000	0.58381438
302.5231	0.58479929
302.6461	0.60201627
302.7692	0.59599012
302.8923	0.59813815
303.0154	0.61168849
303.1385	0.62780613
303.2615	0.65828007
303.3846	0.63921034
303.5077	0.64700443
303.6308	0.64536202
303.7538	0.63493997
303.8769	0.62403345
304.0000	0.58807427
304.1231	0.59739488
304.2462	0.59881067
304.3692	0.59349990
304.4923	0.58691210
304.6154	0.59967864
304.7385	0.63271570
304.8615	0.65420282
304.9846	0.63895750
305.1077	0.62918824
305.2308	0.65025032
305.3539	0.64999926
305.4769	0.63965094
305.6000	0.59168798
305.7231	0.58354831
305.8462	0.60181397
305.9692	0.60104352
306.0923	0.59847385
306.2154	0.58727711
306.3385	0.60812265
306.4615	0.64691520
306.5846	0.65392458
306.7077	0.64386219
306.8308	0.63716114
306.9539	0.63202775
307.0769	0.64813632
307.2000	0.61792117
307.3231	0.59435976
307.4462	0.58566535
307.5692	0.58725768
307.6923	0.60704124
307.8154	0.59866005
307.9385	0.60765839
308.0615	0.62577248
308.1846	0.64753050
308.3077	0.64680779
308.4308	0.64885068
308.5538	0.63634670
308.6769	0.63878673
308.8000	0.62067443
308.9231	0.59292579
309.0461	0.60124785
309.1692	0.58419156
309.2923	0.60255063
309.4154	0.59518981
309.5385	0.60437465
309.6615	0.63186705
309.7846	0.63967156
309.9077	0.65537757
310.0308	0.64187098
310.1538	0.63423461
310.2769	0.63318300
310.4000	0.63130116
310.5231	0.60801405
310.6461	0.58825254
310.7692	0.57471150
310.8923	0.59651363
311.0154	0.62166119
311.1385	0.60843384
311.2615	0.61226857
311.3846	0.62525505
311.5077	0.66193259
311.6308	0.67165488
311.7538	0.62695408
311.8769	0.61390662
312.0000	0.61787087
312.1231	0.62367845
312.2462	0.60825950
312.3692	0.56696326
312.4923	0.58058923
312.6154	0.61214173
312.7385	0.62921083
312.8615	0.62790895
312.9846	0.61991650
313.1077	0.64265889
313.2308	0.66374189
313.3539	0.64722097
313.4769	0.62086654
313.6000	0.60913891
313.7231	0.60258377
313.8462	0.60747010
313.9692	0.58684492
314.0923	0.58511108
314.2154	0.60606998
314.3385	0.61697465
314.4615	0.63772619
314.5846	0.63568854
314.7077	0.64078391
314.8308	0.65578246
314.9539	0.63872653
315.0769	0.62548953
315.2000	0.60694700
315.3231	0.59563798
315.4462	0.60617328
315.5692	0.59015614
315.6923	0.59002399
315.8154	0.60042095
315.9385	0.62372744
316.0615	0.64964300
316.1846	0.64248776
316.3077	0.63070267
316.4308	0.63958573
316.5538	0.64982861
316.6769	0.63010269
316.8000	0.60288006
316.9231	0.57315677
317.0461	0.59916472
317.1692	0.61005771
317.2923	0.60026610
317.4154	0.60598594
317.5385	0.60807860
317.6615	0.65358657
317.7846	0.65830290
317.9077	0.64380282
318.0308	0.63169879
318.1538	0.61715817
318.2769	0.62251866
318.4000	0.61461884
318.5231	0.59358186
318.6461	0.57959723
318.7692	0.58598268
318.8923	0.61246610
319.0154	0.64239800
319.1385	0.63088840
319.2615	0.62064642
319.3846	0.64336240
319.5077	0.65691066
319.6308	0.65385509
319.7538	0.60627639
319.8769	0.58315933
320.0000	0.60887361
320.1231	0.60524637
320.2462	0.60003185
320.3692	0.58336163
320.4923	0.60393608
320.6154	0.64809906
320.7385	0.64672410
320.8615	0.64087009
320.9846	0.63368654
321.1077	0.63817769
321.2308	0.63508236
321.3539	0.61412716
321.4769	0.58906931
321.6000	0.59214133
321.7231	0.59362864
321.8462	0.60379118
321.9692	0.61584741
322.0923	0.61317015
322.2154	0.64109534
322.3385	0.64836788
322.4615	0.64796776
322.5846	0.63832307
322.7077	0.61765516
322.8308	0.62044829
322.9539	0.61115789
323.0769	0.58703339
323.2000	0.58855945
323.3231	0.59304994
323.4462	0.61737275
323.5692	0.63176191
323.6923	0.62274843
323.8154	0.64165008
323.9385	0.64590329
324.0615	0.65030169
324.1846	0.63303536
324.3077	0.60696363
324.4308	0.59560591
324.5538	0.59982955
324.6769	0.59972030
324.8000	0.60077572
324.9231	0.60155445
325.0461	0.60452265
325.1692	0.64915979
325.2923	0.65156829
325.4154	0.64947021
325.5385	0.62611282
325.6615	0.61464727
325.7846	0.63888657
325.9077	0.61269510
326.0308	0.59142035
326.1538	0.57349950
326.2769	0.59200829
326.4000	0.62846422
326.5231	0.63271081
326.6461	0.62177104
326.7692	0.62564015
326.8923	0.64813906
327.0154	0.65700668
327.1385	0.64367217
327.2615	0.59528995
327.3846	0.58927995
327.5077	0.60216665
327.6308	0.60814857
327.7538	0.60990179
327.8769	0.58309436
328.0000	0.61202061
328.1231	0.64967114
328.2462	0.65909696
328.3692	0.64696401
328.4923	0.61508971
328.6154	0.62213969
328.7385	0.63185847
328.8615	0.61173618
328.9846	0.58834803
329.1077	0.58000523
329.2308	0.59373319
329.3539	0.62707996
329.4769	0.63277894
329.6000	0.63145131
329.7231	0.63512099
329.8462	0.63556117
329.9692	0.65048701
330.0923	0.63690764
330.2154	0.60375047
330.3385	0.58837789
330.4615	0.58734256
330.5846	0.60783714
330.7077	0.62000811
330.8308	0.59786296
330.9539	0.61594981
331.0769	0.63995379
331.2000	0.66105723
331.3231	0.65559709
331.4462	0.61088783
331.5692	0.61312318
331.6923	0.61477238
331.8154	0.61280137
331.9385	0.59338969
332.0615	0.57973504
332.1846	0.59964401
332.3077	0.63341254
332.4308	0.64247793
332.5538	0.63357824
332.6769	0.63822079
332.8000	0.63255441
332.9231	0.64581782
333.0461	0.61692238
333.1692	0.59580827
333.2923	0.59442705
333.4154	0.58629370
333.5385	0.61232638
333.6615	0.61361724
333.7846	0.62077206
333.9077	0.63432550
334.0308	0.63819927
334.1538	0.65190142
334.2769	0.64161420
334.4000	0.61643922
334.5231	0.60335261
334.6461	0.60009712
334.7692	0.60009539
334.8923	0.60300088
335.0154	0.59524482
335.1385	0.61009061
335.2615	0.64098746
335.3846	0.64371020
335.5077	0.64800537
335.6308	0.63045019
335.7538	0.62318361
335.8769	0.62851173
336.0000	0.60246599
336.1231	0.59697956
336.2462	0.58731759
336.3692	0.59430498
336.4923	0.62396336
336.6154	0.62910229
336.7385	0.63499892
336.8615	0.63586193
336.9846	0.63914478
337.1077	0.64548236
337.2308	0.62720788
337.3539	0.59630001
337.4769	0.59219122
337.6000	0.59808046
337.7231	0.60560811
337.8462	0.61258626
337.9692	0.60584491
338.0923	0.63360429
338.2154	0.65094489
338.3385	0.64433515
338.4615	0.63952738
338.5846	0.61434740
338.7077	0.61343932
338.8308	0.60764509
338.9539	0.59214675
339.0769	0.60036278
339.2000	0.59975767
339.3231	0.61173683
339.4462	0.63591182
339.5692	0.64251339
339.6923	0.64811027
339.8154	0.63341242
339.9385	0.61926508
340.0615	0.62248331
340.1846	0.61280155
340.3077	0.59358954
340.4308	0.58671063
340.5538	0.59484982
340.6769	0.62195504
340.8000	0.64454430
340.9231	0.62587756
341.0461	0.63633627
341.1692	0.63738787
341.2923	0.64105850
341.4154	0.63167495
341.5385	0.58659577
341.6615	0.59420633
341.7846	0.59470499
341.9077	0.61109614
342.0308	0.61569524
342.1538	0.61721468
342.2769	0.63345647
342.4000	0.64614272
342.5231	0.64668965
342.6461	0.63035989
342.7692	0.62387985
342.8923	0.59299791
343.0154	0.60257304
343.1385	0.59504801
343.2615	0.60640472
343.3846	0.61713934
343.5077	0.60618341
343.6308	0.63963526
343.7538	0.64884084
343.8769	0.65043944
344.0000	0.62800843
344.1231	0.60636508
344.2462	0.60686624
344.3692	0.61262828
344.4923	0.59504205
344.6154	0.59558070
344.7385	0.60429454
344.8615	0.62242424
344.9846	0.65009916
345.1077	0.64110476
345.2308	0.63914132
345.3539	0.62532604
345.4769	0.61687499
345.6000	0.61486393
345.7231	0.60624981
345.8462	0.58593583
345.9692	0.59644502
346.0923	0.60832679
346.2154	0.63382870
346.3385	0.64821839
346.4615	0.62648654
346.5846	0.64262670
346.7077	0.62774324
346.8308	0.62545240
346.9539	0.60998774
347.0769	0.59205568
347.2000	0.59497058
347.3231	0.59682989
347.4462	0.61416537
347.5692	0.63555127
347.6923	0.64450437
347.8154	0.62779140
347.9385	0.63595796
348.0615	0.63216084
348.1846	0.62991297
348.3077	0.60687083
348.4308	0.57557762
348.5538	0.59816325
348.6769	0.61151481
348.8000	0.62277615
348.9231	0.62992060
349.0461	0.62400168
349.1692	0.64578032
349.2923	0.64297944
349.4154	0.62769204
349.5385	0.61834925
349.6615	0.59496045
349.7846	0.59099108
349.9077	0.59818238
350.0308	0.61350811
350.1538	0.62539190
350.2769	0.62926507
350.4000	0.62454724
350.5231	0.64562672
350.6461	0.64719987
350.7692	0.62488937
350.8923	0.61037350
351.0154	0.58070159
351.1385	0.60044879
351.2615	0.61116624
351.3846	0.61478215
351.5077	0.62277395
351.6308	0.61612988
351.7538	0.64050931
351.8769	0.65665913
352.0000	0.63998359
352.1231	0.61102754
352.2462	0.59175551
352.3692	0.59421468
352.4923	0.61551976
352.6154	0.60892391
352.7385	0.60446531
352.8615	0.62049675
352.9846	0.63324064
353.1077	0.65243042
353.2308	0.64773631
353.3539	0.62210327
353.4769	0.60810423
353.6000	0.59030586
353.7231	0.59940773
353.8462	0.62294149
353.9692	0.60458684
354.0923	0.60549778
354.2154	0.61608732
354.3385	0.65029526
354.4615	0.67096376
354.5846	0.62667048
354.7077	0.59965944
354.8308	0.59816498
354.9539	0.61332321
355.0769	0.61431897
355.2000	0.60020256
355.3231	0.59305793
355.4462	0.62059015
355.5692	0.64587134
355.6923	0.65213478
355.8154	0.64999753
355.9385	0.60731536
356.0615	0.60320085
356.1846	0.60678536
356.3077	0.61107326
356.4308	0.61565405
356.5538	0.58541143
356.6769	0.60320210
356.8000	0.63920379
356.9231	0.65874511
357.0461	0.65166628
357.1692	0.61649740
357.2923	0.60267258
357.4154	0.61158884
357.5385	0.61558568
357.6615	0.60410219
357.7846	0.59929806
357.9077	0.59273487
358.0308	0.62423611
358.1538	0.65870899
358.2769	0.65048361
358.4000	0.63635504
358.5231	0.59876609
358.6461	0.60760534
358.7692	0.62485141
358.8923	0.60482782
359.0154	0.59567380
359.1385	0.59113425
359.2615	0.61996555
359.3846	0.65100312
359.5077	0.64767694
359.6308	0.63427335
359.7538	0.62393254
359.8769	0.60821527
360.0000	0.60784411
360.1231	0.60935009
360.2462	0.60015762
360.3692	0.60559905
360.4923	0.60247648
360.6154	0.62797719
360.7385	0.65924108
360.8615	0.64585620
360.9846	0.62565476
361.1077	0.60743368
361.2308	0.60353345
361.3539	0.61749071
361.4769	0.60064894
361.6000	0.59555948
361.7231	0.61436987
361.8462	0.62052780
361.9692	0.64670014
362.0923	0.64242607
362.2154	0.63773048
362.3385	0.62518775
362.4615	0.60071498
362.5846	0.59419298
362.7077	0.60554087
362.8308	0.61583805
362.9539	0.60881084
363.0769	0.61767745
363.2000	0.61734891
363.3231	0.65940428
363.4462	0.65028286
363.5692	0.62239397
363.6923	0.60542351
363.8154	0.58226311
363.9385	0.61270982
364.0615	0.61153233
364.1846	0.61571407
364.3077	0.61358792
364.4308	0.62122291
364.5538	0.63919270
364.6769	0.65477860
364.8000	0.63896871
364.9231	0.60491914
365.0461	0.59171146
365.1692	0.58318448
365.2923	0.62144130
365.4154	0.62505651
365.5385	0.61660022
365.6615	0.61802077
365.7846	0.62379360
365.9077	0.65421838
366.0308	0.65221220
366.1538	0.61130816
366.2769	0.58751976
366.4000	0.58354026
366.5231	0.60623312
366.6461	0.63540310
366.7692	0.61966819
366.8923	0.61962473
367.0154	0.62482566
367.1385	0.64127296
367.2615	0.64916396
367.3846	0.62430596
367.5077	0.59131968
367.6308	0.58694792
367.7538	0.59770507
367.8769	0.61633205
368.0000	0.63904136
368.1231	0.62259436
368.2462	0.63354677
368.3692	0.62990075
368.4923	0.63079762
368.6154	0.63478011
368.7385	0.60348386
368.8615	0.59221631
368.9846	0.58998740
369.1077	0.60422611
369.2308	0.63483268
369.3539	0.64299256
369.4769	0.63313597
369.6000	0.63026661
369.7231	0.62216586
369.8462	0.62016213
369.9692	0.61599052
370.0923	0.59853101
370.2154	0.59600186
370.3385	0.60438776
370.4615	0.61030865
370.5846	0.64699292
370.7077	0.65195048
370.8308	0.63740110
370.9539	0.61987907
371.0769	0.59072876
371.2000	0.61605823
371.3231	0.61793566
371.4462	0.60668731
371.5692	0.59623832
371.6923	0.60279763
371.8154	0.64031357
371.9385	0.66252434
372.0615	0.64560682
372.1846	0.61031085
372.3077	0.60139370
372.4308	0.59272999
372.5538	0.61632091
372.6769	0.61708158
372.8000	0.60704309
372.9231	0.61768168
373.0461	0.61597693
373.1692	0.64983559
373.2923	0.65668833
373.4154	0.62589133
373.5385	0.59958208
373.6615	0.58107996
373.7846	0.59936810
373.9077	0.62630820
374.0308	0.62380135
374.1538	0.61794066
374.2769	0.62495208
374.4000	0.63321096
374.5231	0.64610845
374.6461	0.63194513
374.7692	0.60101306
374.8923	0.59722853
375.0154	0.59074438
375.1385	0.60429394
375.2615	0.62930477
375.3846	0.63421202
375.5077	0.64464152
375.6308	0.63072312
375.7538	0.61234152
375.8769	0.62334299
376.0000	0.61710590
376.1231	0.60817856
376.2462	0.59707087
376.3692	0.58686662
376.4923	0.62263143
376.6154	0.64688283
376.7385	0.65170199
376.8615	0.63642585
376.9846	0.61272174
377.1077	0.59834874
377.2308	0.60810781
377.3539	0.61435217
377.4769	0.61128581
377.6000	0.61450928
377.7231	0.59458530
377.8462	0.63768375
377.9692	0.65514982
378.0923	0.65042770
378.2154	0.62346578
378.3385	0.57855356
378.4615	0.59506691
378.5846	0.60950470
378.7077	0.62550092
378.8308	0.62004745
378.9539	0.62140298
379.0769	0.62001193
379.2000	0.64189172
379.3231	0.64270926
379.4462	0.62169927
379.5692	0.60922754
379.6923	0.57800907
379.8154	0.59976017
379.9385	0.61673063
380.0615	0.62954921
380.1846	0.64451218
380.3077	0.63412106
380.4308	0.62449545
380.5538	0.62021887
380.6769	0.60856867
380.8000	0.61627603
380.9231	0.61200172
381.0461	0.59110910
381.1692	0.60341430
381.2923	0.62388682
381.4154	0.65245581
381.5385	0.65493190
381.6615	0.62558365
381.7846	0.60063469
381.9077	0.60019803
382.0308	0.59734476
382.1538	0.61801487
382.2769	0.62694496
382.4000	0.61024070
382.5231	0.62042117
382.6461	0.62201589
382.7692	0.65310735
382.8923	0.65190256
383.0154	0.60351813
383.1385	0.58115387
383.2615	0.58561569
383.3846	0.61589611
383.5077	0.63868904
383.6308	0.63100284
383.7538	0.62423658
383.8769	0.63117135
384.0000	0.62614667
384.1231	0.62104911
384.2462	0.61854863
384.3692	0.59936345
384.4923	0.60059285
384.6154	0.60016543
384.7385	0.61162841
384.8615	0.65351152
384.9846	0.64600575
385.1077	0.63854831
385.2308	0.61206210
385.3539	0.59184194
385.4769	0.60622835
385.6000	0.60991466
385.7231	0.61917537
385.8462	0.61945146
385.9692	0.61875516
386.0923	0.62040693
386.2154	0.64422190
386.3385	0.64168441
386.4615	0.62775189
386.5846	0.59977400
386.7077	0.56830281
386.8308	0.60220581
386.9539	0.63027430
387.0769	0.64742684
387.2000	0.63974518
387.3231	0.61034942
387.4462	0.62029588
387.5692	0.62964231
387.6923	0.61867678
387.8154	0.60826623
387.9385	0.59547120
388.0615	0.59810144
388.1846	0.62025237
388.3077	0.63508427
388.4308	0.64754075
388.5538	0.64737171
388.6769	0.61434883
388.8000	0.59740239
388.9231	0.59704322
389.0461	0.59932625
389.1692	0.62629324
389.2923	0.62632436
389.4154	0.62339789
389.5385	0.62854719
389.6615	0.61949605
389.7846	0.63747561
389.9077	0.63540250
390.0308	0.60551929
390.1538	0.58827543
390.2769	0.58386105
390.4000	0.61414951
390.5231	0.65077996
390.6461	0.65072626
390.7692	0.63214850
390.8923	0.61455691
391.0154	0.59994733
391.1385	0.60953385
391.2615	0.62407190
391.3846	0.60723960
391.5077	0.60989124
391.6308	0.60502648
391.7538	0.62768483
391.8769	0.65921956
392.0000	0.63357663
392.1231	0.62388927
392.2462	0.60054374
392.3692	0.59321958
392.4923	0.59724885
392.6154	0.60847861
392.7385	0.63580835
392.8615	0.65166855
392.9846	0.63463742
393.1077	0.60447931
393.2308	0.61794651
393.3539	0.61638564
393.4769	0.62477970
393.6000	0.60698074
393.7231	0.58702207
393.8462	0.61480224
393.9692	0.62568712
394.0923	0.65082920
394.2154	0.65380126
394.3385	0.62264621
394.4615	0.59531343
394.5846	0.58466136
394.7077	0.59948158
394.8308	0.63081342
394.9539	0.63551682
395.0769	0.61901057
395.2000	0.62585986
395.3231	0.62543958
395.4462	0.62973303
395.5692	0.62611908
395.6923	0.60360843
395.8154	0.60230523
395.9385	0.60200173
396.0615	0.60198110
396.1846	0.63299763
396.3077	0.64803368
396.4308	0.64731807
396.5538	0.63409805
396.6769	0.58906245
396.8000	0.58775437
396.9231	0.60430312
397.0461	0.62494075
397.1692	0.63852090
397.2923	0.61998373
397.4154	0.61294967
397.5385	0.62642884
397.6615	0.64034206
397.7846	0.62529385
397.9077	0.61546302
398.0308	0.58636284
398.1538	0.59286112
398.2769	0.61690587
398.4000	0.62680459
398.5231	0.66246551
398.6461	0.63780147
398.7692	0.61780548
398.8923	0.60069466
399.0154	0.59392673
399.1385	0.60967332
399.2615	0.61843991
399.3846	0.62499613
399.5077	0.62712014
399.6308	0.62997371
399.7538	0.61380398
399.8769	0.63160622
400.0000	0.63152087
400.1231	0.61675745
400.2462	0.59992313
400.3692	0.57501990
400.4923	0.60920304
400.6154	0.64907533
400.7385	0.65424228
400.8615	0.64285243
400.9846	0.60949767
401.1077	0.59382313
401.2308	0.60489547
401.3539	0.60634923
401.4769	0.62018585
401.6000	0.62908429
401.7231	0.62246525
401.8462	0.62383771
401.9692	0.62887317
402.0923	0.62411767
402.2154	0.62713563
402.3385	0.61451709
402.4615	0.59300303
402.5846	0.60162705
402.7077	0.60055685
402.8308	0.63511598
402.9539	0.66184413
403.0769	0.64235079
403.2000	0.62037748
403.3231	0.58693397
403.4462	0.58714992
403.5692	0.61453623
403.6923	0.62843192
403.8154	0.63063776
403.9385	0.62909400
404.0615	0.61664730
404.1846	0.62041897
404.3077	0.63237196
404.4308	0.62051761
404.5538	0.61243379
404.6769	0.59834760
404.8000	0.59264308
404.9231	0.62499535
405.0461	0.63223439
405.1692	0.64148939
405.2923	0.64862019
405.4154	0.61865520
405.5385	0.60170180
405.6615	0.57769370
405.7846	0.59376711
405.9077	0.63859361
406.0308	0.65167499
406.1538	0.63058811
406.2769	0.61220151
406.4000	0.61478138
406.5231	0.61777276
406.6461	0.62845838
406.7692	0.60277534
406.8923	0.60926086
407.0154	0.61336946
407.1385	0.60479808
407.2615	0.63815498
407.3846	0.64145887
407.5077	0.64540207
407.6308	0.61810672
407.7538	0.58811605
407.8769	0.58925152
408.0000	0.60656089
408.1231	0.62152606
408.2462	0.64177418
408.3692	0.65686524
408.4923	0.62527144
408.6154	0.60726404
408.7385	0.58774167
408.8615	0.60785580
408.9846	0.63610893
409.1077	0.61898303
409.2308	0.60930318
409.3539	0.61605650
409.4769	0.62625670
409.6000	0.64225471
409.7231	0.63353074
409.8462	0.60813248
409.9692	0.60850620
410.0923	0.58912909
410.2154	0.60178000
410.3385	0.62624145
410.4615	0.64316231
410.5846	0.65242630
410.7077	0.63465738
410.8308	0.60325617
410.9539	0.58349246
411.0769	0.59851456
411.2000	0.60914671
411.3231	0.65129274
411.4462	0.63487142
411.5692	0.61878043
411.6923	0.61979675
411.8154	0.60796660
411.9385	0.63011694
412.0615	0.61637592
412.1846	0.61006773
412.3077	0.60377830
412.4308	0.61005127
412.5538	0.61889976
412.6769	0.64345086
412.8000	0.64486206
412.9231	0.62388766
413.0461	0.61611336
413.1692	0.58457661
413.2923	0.59236425
413.4154	0.61009002
413.5385	0.63159537
413.6615	0.66315871
413.7846	0.64490020
413.9077	0.60680395
414.0308	0.59441823
414.1538	0.59321970
414.2769	0.61890870
414.4000	0.63197237
414.5231	0.62065005
414.6461	0.62083089
414.7692	0.62407565
414.8923	0.62281138
415.0154	0.62593567
415.1385	0.62286174
415.2615	0.60654128
415.3846	0.61549264
415.5077	0.59896725
415.6308	0.60485315
415.7538	0.63259602
415.8769	0.64211851
416.0000	0.65454781
416.1231	0.62329578
416.2462	0.58610231
416.3692	0.58409679
416.4923	0.60119623
416.6154	0.62639058
416.7385	0.65335464
416.8615	0.64307833
416.9846	0.62508738
417.1077	0.60762852
417.2308	0.59425271
417.3539	0.60641867
417.4769	0.62418163
417.6000	0.61806136
417.7231	0.62738937
417.8462	0.62874132
417.9692	0.61495292
418.0923	0.62800324
418.2154	0.61120468
418.3385	0.62894690
418.4615	0.62297058
418.5846	0.59512103
418.7077	0.59342015
418.8308	0.61472607
418.9539	0.64938211
419.0769	0.65331215
419.2000	0.63536954
419.3231	0.59395409
419.4462	0.59909725
419.5692	0.59143984
419.6923	0.60461736
419.8154	0.63957185
419.9385	0.64296174
420.0615	0.65132308
420.1846	0.62131184
420.3077	0.59159690
420.4308	0.59417772
420.5538	0.60667062
420.6769	0.62364912
420.8000	0.64132285
420.9231	0.62854648
421.0461	0.61532784
421.1692	0.61623102
421.2923	0.61639762
421.4154	0.62353218
421.5385	0.62564832
421.6615	0.60291559
421.7846	0.60612869
421.9077	0.61446112
422.0308	0.61939973
422.1538	0.64724660
422.2769	0.63193977
422.4000	0.62620306
422.5231	0.61262667
422.6461	0.58891094
422.7692	0.58966368
422.8923	0.61261493
423.0154	0.64282990
423.1385	0.66346467
423.2615	0.64342523
423.3846	0.59589589
423.5077	0.58985865
423.6308	0.59407651
423.7538	0.61241424
423.8769	0.63488209
424.0000	0.63647848
424.1231	0.63636810
424.2462	0.63170552
424.3692	0.59783506
424.4923	0.60339707
424.6154	0.61108786
424.7385	0.61792064
424.8615	0.63638234
424.9846	0.61638618
425.1077	0.61619747
425.2308	0.61487573
425.3539	0.62870598
425.4769	0.62816119
425.6000	0.63006121
425.7231	0.60144413
425.8462	0.59322143
425.9692	0.61467856
426.0923	0.61294627
426.2154	0.65184575
426.3385	0.63684106
426.4615	0.63157445
426.5846	0.61398053
426.7077	0.58655334
426.8308	0.58865845
426.9539	0.60975373
427.0769	0.63924545
427.2000	0.65312815
427.3231	0.65410590
427.4462	0.60728008
427.5692	0.59136850
427.6923	0.58611917
427.8154	0.60520154
427.9385	0.64032573
428.0615	0.63770622
428.1846	0.63032663
428.3077	0.63074166
428.4308	0.61123312
428.5538	0.60092080
428.6769	0.60546869
428.8000	0.61032128
428.9231	0.64141917
429.0461	0.62916237
429.1692	0.60987973
429.2923	0.61255240
429.4154	0.62274545
429.5385	0.62930763
429.6615	0.62652886
429.7846	0.61109430
429.9077	0.59952831
430.0308	0.61511499
430.1538	0.60858619
430.2769	0.63384497
430.4000	0.64492071
430.5231	0.62848943
430.6461	0.62455010
430.7692	0.59447920
430.8923	0.58834612
431.0154	0.60486925
431.1385	0.62437493
431.2615	0.65069139
431.3846	0.65654016
431.5077	0.62752014
431.6308	0.59232593
431.7538	0.58558619
431.8769	0.58979869
432.0000	0.62764150
432.1231	0.64939833
432.2462	0.63530242
432.3692	0.64161885
432.4923	0.61270118
432.6154	0.59694713
432.7385	0.59305125
432.8615	0.59754890
432.9846	0.63806856
433.1077	0.65305448
433.2308	0.63134056
433.3539	0.60706705
433.4769	0.60850680
433.6000	0.60922402
433.7231	0.62075543
433.8462	0.61757517
433.9692	0.61488634
434.0923	0.63426089
434.2154	0.61709380
434.3385	0.61106819
434.4615	0.62460601
434.5846	0.62123686
434.7077	0.62687147
434.8308	0.61776930
434.9539	0.60323977
435.0769	0.61056894
435.2000	0.61054939
435.3231	0.62420499
435.4462	0.64826673
435.5692	0.64186770
435.6923	0.60806429
435.8154	0.59526747
435.9385	0.59323573
436.0615	0.60943639
436.1846	0.63462675
436.3077	0.63207263
436.4308	0.65089536
436.5538	0.63807368
436.6769	0.59590918
436.8000	0.58458793
436.9231	0.58816499
437.0461	0.61739784
437.1692	0.65279567
437.2923	0.65158075
437.4154	0.63748312
437.5385	0.61145276
437.6615	0.58515745
437.7846	0.58876389
437.9077	0.61572778
438.0308	0.62592596
438.1538	0.64158046
438.2769	0.65417111
438.4000	0.62176275
438.5231	0.60903579
438.6461	0.57725859
438.7692	0.59680688
438.8923	0.63920498
439.0154	0.63614035
439.1385	0.63418877
439.2615	0.62093049
439.3846	0.61993140
439.5077	0.60436440
439.6308	0.60842615
439.7538	0.60534608
439.8769	0.63227475
440.0000	0.63768357
440.1231	0.61172324
440.2462	0.62433863
440.3692	0.60965520
440.4923	0.61565304
440.6154	0.62130016
440.7385	0.62331146
440.8615	0.62312734
440.9846	0.61507422
441.1077	0.59977001
441.2308	0.61930317
441.3539	0.63851202
441.4769	0.62490833
441.6000	0.62329817
441.7231	0.61444050
441.8462	0.61168289
441.9692	0.60701591
442.0923	0.60448229
442.2154	0.61507875
442.3385	0.65406489
442.4615	0.64105922
442.5846	0.61957335
442.7077	0.60367423
442.8308	0.58194214
442.9539	0.61094230
443.0769	0.62164193
443.2000	0.63851976
443.3231	0.64540672
443.4462	0.63670033
443.5692	0.61196369
443.6923	0.59404552
443.8154	0.58609182
443.9385	0.59557289
444.0615	0.64743823
444.1846	0.65182447
444.3077	0.64696550
444.4308	0.62412775
444.5538	0.58735776
444.6769	0.59249103
444.8000	0.59556937
444.9231	0.61577910
445.0461	0.64954537
445.1692	0.65360892
445.2923	0.63555938
445.4154	0.61249077
445.5385	0.58976334
445.6615	0.57995772
445.7846	0.60922009
445.9077	0.63274395
446.0308	0.65604883
446.1538	0.65464860
446.2769	0.60738623
446.4000	0.60051090
446.5231	0.59559846
446.6461	0.59651303
446.7692	0.61827737
446.8923	0.63454551
447.0154	0.65153235
447.1385	0.64668453
447.2615	0.60760814
447.3846	0.58288908
447.5077	0.59830362
447.6308	0.61335933
447.7538	0.63146526
447.8769	0.64345598
448.0000	0.63016880
448.1231	0.62604904
448.2462	0.61323607
448.3692	0.58959329
448.4923	0.60648030
448.6154	0.61675811
448.7385	0.63192618
448.8615	0.64844751
448.9846	0.62410110
449.1077	0.60969579
449.2308	0.60396290
449.3539	0.60603285
449.4769	0.61592543
449.6000	0.62917757
449.7231	0.62505841
449.8462	0.62777609
449.9692	0.62924355
450.0923	0.60358918
450.2154	0.61189884
450.3385	0.61067039
450.4615	0.61523682
450.5846	0.63857865
450.7077	0.62396586
450.8308	0.61828291
450.9539	0.61305547
451.0769	0.60887384
451.2000	0.61995763
451.3231	0.62520367
451.4462	0.61878061
451.5692	0.61669129
451.6923	0.63066214
451.8154	0.61202186
451.9385	0.61572933
452.0615	0.61227572
452.1846	0.61263299
452.3077	0.64065027
452.4308	0.62220669
452.5538	0.61361015
452.6769	0.61076623
452.8000	0.61139596
452.9231	0.62072587
453.0461	0.62734801
453.1692	0.61842740
453.2923	0.62114656
453.4154	0.63077688
453.5385	0.61130929
453.6615	0.60897863
453.7846	0.60778248
453.9077	0.61498338
454.0308	0.63967365
454.1538	0.63208425
454.2769	0.61289591
454.4000	0.61887538
454.5231	0.60772884
454.6461	0.60948294
454.7692	0.61840034
454.8923	0.61753362
455.0154	0.63520825
455.1385	0.63276470
455.2615	0.61778146
455.3846	0.60891604
455.5077	0.61007065
455.6308	0.60059726
455.7538	0.62047815
455.8769	0.63787794
456.0000	0.62973970
456.1231	0.63213611
456.2462	0.60492009
456.3692	0.60651803
456.4923	0.61918259
456.6154	0.60415077
456.7385	0.61671364
456.8615	0.63440764
456.9846	0.64293349
457.1077	0.62585580
457.2308	0.60427105
457.3539	0.59458965
457.4769	0.61272967
457.6000	0.63046604
457.7231	0.61226463
457.8462	0.63638312
457.9692	0.63215256
458.0923	0.62285376
458.2154	0.61379224
458.3385	0.59054440
458.4615	0.60928494
458.5846	0.62459511
458.7077	0.63316399
458.8308	0.62986863
458.9539	0.63387257
459.0769	0.60985106
459.2000	0.60630095
459.3231	0.61000764
459.4462	0.60544431
459.5692	0.62678862
459.6923	0.62853408
459.8154	0.63088250
459.9385	0.63370466
460.0615	0.61473364
460.1846	0.59313041
460.3077	0.61251068
460.4308	0.61256456
460.5538	0.63039541
460.6769	0.63195461
460.8000	0.62126124
460.9231	0.62659103
461.0461	0.61836714
461.1692	0.60699809
461.2923	0.59904855
461.4154	0.62232900
461.5385	0.61720169
461.6615	0.64274013
461.7846	0.62754774
461.9077	0.60997719
462.0308	0.62076896
462.1538	0.60602069
462.2769	0.61606061
462.4000	0.61494356
462.5231	0.61834288
462.6461	0.62446672
462.7692	0.63905269
462.8923	0.62020278
463.0154	0.60849100
463.1385	0.61202788
463.2615	0.60865718
463.3846	0.62451297
463.5077	0.62258524
463.6308	0.61170429
463.7538	0.63155377
463.8769	0.63127804
464.0000	0.61458570
464.1231	0.61601901
464.2462	0.60086179
464.3692	0.61709291
464.4923	0.62314999
464.6154	0.62232405
464.7385	0.62097168
464.8615	0.63269162
464.9846	0.62259364
465.1077	0.61159861
465.2308	0.61687350
465.3539	0.59593409
465.4769	0.62029314
465.6000	0.62216741
465.7231	0.62960982
465.8462	0.63891619
465.9692	0.62259722
466.0923	0.60698617
466.2154	0.60978842
466.3385	0.60827911
466.4615	0.60511541
466.5846	0.62402111
466.7077	0.63014054
466.8308	0.64616150
466.9539	0.63602364
467.0769	0.60302097
467.2000	0.59004748
467.3231	0.60919189
467.4462	0.60819429
467.5692	0.62721050
467.6923	0.63751292
467.8154	0.63518351
467.9385	0.64765882
468.0615	0.60611558
468.1846	0.58703727
468.3077	0.58817124
468.4308	0.61372387
468.5538	0.63147807
468.6769	0.64953774
468.8000	0.64411473
468.9231	0.62239456
469.0461	0.62012434
469.1692	0.57986581
469.2923	0.58918297
469.4154	0.60946995
469.5385	0.62871599
469.6615	0.66037929
469.7846	0.65066338
469.9077	0.62510604
470.0308	0.59957117
470.1538	0.58630949
470.2769	0.58426243
470.4000	0.61532962
470.5231	0.63948500
470.6461	0.64475155
470.7692	0.65797132
470.8923	0.62632430
471.0154	0.59798467
471.1385	0.58574516
471.2615	0.57879388
471.3846	0.61555523
471.5077	0.65053350
471.6308	0.64960098
471.7538	0.64102191
471.8769	0.62556082
472.0000	0.60014117
472.1231	0.59261602
472.2462	0.58828032
472.3692	0.60350269
472.4923	0.64498377
472.6154	0.66019368
472.7385	0.63432264
472.8615	0.62072980
472.9846	0.60169941
473.1077	0.59266669
473.2308	0.61025804
473.3539	0.60186881
473.4769	0.63085705
473.6000	0.64604348
473.7231	0.63742322
473.8462	0.62379909
473.9692	0.60865295
474.0923	0.60073912
474.2154	0.60234445
474.3385	0.62395328
474.4615	0.61302274
474.5846	0.63167560
474.7077	0.62995100
474.8308	0.62138659
474.9539	0.63357484
475.0769	0.61088061
475.2000	0.60464114
475.3231	0.61114180
475.4462	0.61291164
475.5692	0.61557889
475.6923	0.62470484
475.8154	0.62760216
475.9385	0.63282281
476.0615	0.63916492
476.1846	0.61195022
476.3077	0.59827030
476.4308	0.60192919
476.5538	0.59605885
476.6769	0.62685525
476.8000	0.64069074
476.9231	0.63681585
477.0461	0.64257145
477.1692	0.62268472
477.2923	0.60035670
477.4154	0.58710283
477.5385	0.58816004
477.6615	0.60982311
477.7846	0.65448183
477.9077	0.65731877
478.0308	0.63523376
478.1538	0.62528884
478.2769	0.59804773
478.4000	0.58618569
478.5231	0.59145784
478.6461	0.59936976
478.7692	0.64354575
478.8923	0.66844511
479.0154	0.64309257
479.1385	0.62339556
479.2615	0.59729195
479.3846	0.58720988
479.5077	0.59377182
479.6308	0.61246920
479.7538	0.62535322
479.8769	0.65116936
480.0000	0.65115654
480.1231	0.61918420
480.2462	0.61753726
480.3692	0.59003514
480.4923	0.59605515
480.6154	0.61670095
480.7385	0.61977655
480.8615	0.63239110
480.9846	0.63287556
481.1077	0.62833375
481.2308	0.62191248
481.3539	0.62391639
481.4769	0.60407925
481.6000	0.60325551
481.7231	0.61527538
481.8462	0.60739821
481.9692	0.62685680
482.0923	0.62784272
482.2154	0.62591696
482.3385	0.64626604
482.4615	0.62942827
482.5846	0.60465020
482.7077	0.58968884
482.8308	0.59228182
482.9539	0.61018682
483.0769	0.63634408
483.2000	0.63969916
483.3231	0.63958383
483.4462	0.65330821
483.5692	0.61386764
483.6923	0.58297211
483.8154	0.57874167
483.9385	0.59332609
484.0615	0.63309622
484.1846	0.65294158
484.3077	0.64283955
484.4308	0.64552349
484.5538	0.62679017
484.6769	0.58907455
484.8000	0.58315039
484.9231	0.59294742
485.0461	0.61624908
485.1692	0.63924032
485.2923	0.65204620
485.4154	0.63345051
485.5385	0.63342512
485.6615	0.60450971
485.7846	0.59199107
485.9077	0.61625105
486.0308	0.60263366
486.1538	0.61757004
486.2769	0.62285054
486.4000	0.63699758
486.5231	0.63255435
486.6461	0.62763041
486.7692	0.61644101
486.8923	0.61505646
487.0154	0.62452495
487.1385	0.58610129
487.2615	0.59953517
487.3846	0.61518294
487.5077	0.63237125
487.6308	0.65150028
487.7538	0.64208275
487.8769	0.62724286
488.0000	0.61407030
488.1231	0.59353667
488.2462	0.57694650
488.3692	0.60077351
488.4923	0.62263811
488.6154	0.64587951
488.7385	0.66686755
488.8615	0.64478505
488.9846	0.60807252
489.1077	0.59674817
489.2308	0.58287144
489.3539	0.59590733
489.4769	0.61817753
489.6000	0.62243235
489.7231	0.65298343
489.8462	0.65385211
489.9692	0.62442982
490.0923	0.60221565
490.2154	0.60451126
490.3385	0.60524923
490.4615	0.60937649
490.5846	0.61510211
490.7077	0.60865092
490.8308	0.63800019
490.9539	0.63665682
491.0769	0.62345785
491.2000	0.63664782
491.3231	0.62113786
491.4462	0.60700876
491.5692	0.59754920
491.6923	0.59294605
491.8154	0.60284913
491.9385	0.62665391
492.0615	0.64487308
492.1846	0.65170598
492.3077	0.65652847
492.4308	0.60944617
492.5538	0.58324778
492.6769	0.59168553
492.8000	0.58826172
492.9231	0.61415821
493.0461	0.63315612
493.1692	0.65083325
493.2923	0.66226411
493.4154	0.63409466
493.5385	0.59493828
493.6615	0.58825612
493.7846	0.60728502
493.9077	0.60250014
494.0308	0.61709094
494.1538	0.62664652
494.2769	0.62965894
494.4000	0.64807284
494.5231	0.62583554
494.6461	0.61474484
494.7692	0.62255383
494.8923	0.61207330
495.0154	0.59978902
495.1385	0.59900844
495.2615	0.60083902
495.3846	0.61767179
495.5077	0.64969009
495.6308	0.65049303
495.7538	0.64185703
495.8769	0.62989247
496.0000	0.59506762
496.1231	0.58249533
496.2462	0.59180933
496.3692	0.59357613
496.4923	0.63198394
496.6154	0.65794611
496.7385	0.65213567
496.8615	0.64374268
496.9846	0.61232680
497.1077	0.59371442
497.2308	0.59140420
497.3539	0.60742968
497.4769	0.60382771
497.6000	0.62536907
497.7231	0.63582724
497.8462	0.62638998
497.9692	0.64709705
498.0923	0.62119436
498.2154	0.61869174
498.3385	0.61962938
498.4615	0.60794973
498.5846	0.59412843
498.7077	0.59086740
498.8308	0.60852283
498.9539	0.62864983
499.0769	0.66648656
499.2000	0.64468902
499.3231	0.63221288
499.4462	0.62454534
499.5692	0.59056878
499.6923	0.57993853
499.8154	0.58526760
499.9385	0.60814792
500.0615	0.64521414
500.1846	0.66134244
500.3077	0.63682890
500.4308	0.62998551
500.5538	0.61932635
500.6769	0.60156608
500.8000	0.59897298
500.9231	0.60426795
501.0461	0.60247409
501.1692	0.62072653
501.2923	0.62870342
501.4154	0.62017345
501.5385	0.64616430
501.6615	0.63732994
501.7846	0.63318396
501.9077	0.62422603
502.0308	0.59482598
502.1538	0.57860577
502.2769	0.58731610
502.4000	0.61536545
502.5231	0.63061172
502.6461	0.66269273
502.7692	0.64952350
502.8923	0.63645309
503.0154	0.62706828
503.1385	0.58463532
503.2615	0.58228457
503.3846	0.59631151
503.5077	0.61273462
503.6308	0.63206518
503.7538	0.63852996
503.8769	0.63005620
504.0000	0.63079053
